Energy fluotot Monitor
2.410000000000000000e+04 7.912886210720976310e-04 1.721243000000000000e+06
2.410500000000000000e+04 7.371634439020342605e-04 1.720107000000000000e+06
2.411000000000000000e+04 7.246009892986038066e-04 1.718187000000000000e+06
2.411500000000000000e+04 7.766843212315081152e-04 1.716270000000000000e+06
2.412000000000000000e+04 7.708655860585621666e-04 1.718847000000000000e+06
2.412500000000000000e+04 7.760030946910213443e-04 1.716488000000000000e+06
2.413000000000000000e+04 7.639726344070668336e-04 1.717339000000000000e+06
2.413500000000000000e+04 7.529848388950472317e-04 1.715838000000000000e+06
2.414000000000000000e+04 7.580041064916517076e-04 1.703157000000000000e+06
2.414500000000000000e+04 7.546395379518583890e-04 1.705450000000000000e+06
2.415000000000000000e+04 7.921702760304677156e-04 1.700392000000000000e+06
2.415500000000000000e+04 7.659154102062809858e-04 1.698621000000000000e+06
2.416000000000000000e+04 7.754879701985976188e-04 1.694417000000000000e+06
2.416500000000000000e+04 7.831369607107665056e-04 1.699575000000000000e+06
2.417000000000000000e+04 7.798621987627323828e-04 1.693889000000000000e+06
2.417500000000000000e+04 7.963406140211479276e-04 1.692743000000000000e+06
2.418000000000000000e+04 7.735347046818365213e-04 1.690939000000000000e+06
2.418500000000000000e+04 7.860671957230385733e-04 1.689423000000000000e+06
2.419000000000000000e+04 7.923803567843573474e-04 1.688583000000000000e+06
2.419500000000000000e+04 7.554800470840775193e-04 1.686345000000000000e+06
2.420000000000000000e+04 7.723566376068234348e-04 1.684455000000000000e+06
2.420500000000000000e+04 8.020580214713903368e-04 1.683170000000000000e+06
2.421000000000000000e+04 7.909531163731456588e-04 1.678987000000000000e+06
2.421500000000000000e+04 7.726491731580732020e-04 1.677346000000000000e+06
2.422000000000000000e+04 7.953623978234183921e-04 1.673451000000000000e+06
2.422500000000000000e+04 8.003430382381455238e-04 1.676781000000000000e+06
2.423000000000000000e+04 8.000129150066992174e-04 1.672473000000000000e+06
2.423500000000000000e+04 8.040168514269037609e-04 1.670363000000000000e+06
2.424000000000000000e+04 7.968893092525023564e-04 1.665225000000000000e+06
2.424500000000000000e+04 8.114595115889381479e-04 1.667366000000000000e+06
2.425000000000000000e+04 8.176703565271719850e-04 1.659593000000000000e+06
2.425500000000000000e+04 8.151537750489344213e-04 1.657356000000000000e+06
2.426000000000000000e+04 8.335248620243312402e-04 1.666417000000000000e+06
2.426500000000000000e+04 8.393358656626915670e-04 1.652497000000000000e+06
2.427000000000000000e+04 8.674422049178951051e-04 1.647372000000000000e+06
2.427500000000000000e+04 8.306996424829258662e-04 1.644397000000000000e+06
2.428000000000000000e+04 8.451082449392224557e-04 1.645943000000000000e+06
2.428500000000000000e+04 8.712722646620503887e-04 1.641278000000000000e+06
2.429000000000000000e+04 8.258827002582536233e-04 1.639458000000000000e+06
2.429500000000000000e+04 8.774688352013395752e-04 1.637665000000000000e+06
2.430000000000000000e+04 8.769531930819743229e-04 1.635207000000000000e+06
2.430000000000000000e+04 8.960847331855773630e-04 1.636006000000000000e+06
2.430100000000000000e+04 8.866908257790201246e-04 1.634166000000000000e+06
2.430100000000000000e+04 8.562477010147094732e-04 1.633873000000000000e+06
2.430200000000000000e+04 8.889204731678984920e-04 1.632317000000000000e+06
2.430200000000000000e+04 8.553617579767391118e-04 1.632058000000000000e+06
2.430300000000000000e+04 8.843847822033823556e-04 1.630512000000000000e+06
2.430300000000000000e+04 8.746947615843387496e-04 1.630283000000000000e+06
2.430400000000000000e+04 8.769139506692916588e-04 1.628438000000000000e+06
2.430400000000000000e+04 8.802876342914370787e-04 1.629013000000000000e+06
2.430500000000000000e+04 8.811787967814512955e-04 1.623961000000000000e+06
2.430500000000000000e+04 8.904221547355820748e-04 1.627318000000000000e+06
2.430600000000000000e+04 8.573876493124593049e-04 1.625869000000000000e+06
2.430600000000000000e+04 8.735160991477636380e-04 1.625614000000000000e+06
2.430700000000000000e+04 8.607865544893882103e-04 1.624096000000000000e+06
2.430700000000000000e+04 8.893771582517368077e-04 1.620235000000000000e+06
2.430800000000000000e+04 9.166180253799413244e-04 1.618995000000000000e+06
2.430800000000000000e+04 8.775862856917016020e-04 1.619214000000000000e+06
2.430900000000000000e+04 8.877592253853481977e-04 1.620935000000000000e+06
2.430900000000000000e+04 8.978649327280089319e-04 1.620511000000000000e+06
2.431000000000000000e+04 8.735043400316410724e-04 1.618767000000000000e+06
2.431000000000000000e+04 8.530025256533882785e-04 1.618987000000000000e+06
2.431100000000000000e+04 9.379268046125979622e-04 1.617397000000000000e+06
2.431100000000000000e+04 8.930631137103125800e-04 1.616907000000000000e+06
2.431200000000000000e+04 8.839023919215775434e-04 1.615563000000000000e+06
2.431200000000000000e+04 8.691388839365302935e-04 1.615392000000000000e+06
2.431300000000000000e+04 8.627630358102443163e-04 1.613421000000000000e+06
2.431300000000000000e+04 8.861226988694789275e-04 1.613772000000000000e+06
2.431400000000000000e+04 9.097189235178758946e-04 1.612586000000000000e+06
2.431400000000000000e+04 8.921093609444704720e-04 1.611910000000000000e+06
2.431500000000000000e+04 9.443785262852028668e-04 1.610583000000000000e+06
2.431500000000000000e+04 8.863322355558247208e-04 1.611134000000000000e+06
2.431600000000000000e+04 8.723585368733051968e-04 1.609430000000000000e+06
2.431600000000000000e+04 8.352121463709279636e-04 1.609172000000000000e+06
2.431700000000000000e+04 8.875890543537907169e-04 1.607726000000000000e+06
2.431700000000000000e+04 8.636593414177814359e-04 1.608273000000000000e+06
2.431800000000000000e+04 9.047210214737088111e-04 1.602704000000000000e+06
2.431800000000000000e+04 9.148493112491611241e-04 1.606822000000000000e+06
2.431900000000000000e+04 8.455160545242583047e-04 1.604937000000000000e+06
2.431900000000000000e+04 8.998426992533349036e-04 1.601391000000000000e+06
2.432000000000000000e+04 9.180205182575069739e-04 1.603450000000000000e+06
2.432000000000000000e+04 8.974191870592042753e-04 1.603487000000000000e+06
2.432100000000000000e+04 9.211387944744145895e-04 1.603450000000000000e+06
2.432100000000000000e+04 9.218200484938514653e-04 1.602265000000000000e+06
2.432200000000000000e+04 8.998350094476454449e-04 1.602516000000000000e+06
2.432200000000000000e+04 8.881343872777692659e-04 1.602235000000000000e+06
2.432300000000000000e+04 8.870226709252059145e-04 1.600861000000000000e+06
2.432300000000000000e+04 8.995783226612550807e-04 1.600750000000000000e+06
2.432400000000000000e+04 9.001648946950920570e-04 1.598596000000000000e+06
2.432400000000000000e+04 9.011773425767558845e-04 1.600129000000000000e+06
2.432500000000000000e+04 9.285962626032697072e-04 1.599188000000000000e+06
2.432500000000000000e+04 9.156088799051403330e-04 1.598936000000000000e+06
2.432600000000000000e+04 8.771924336208685412e-04 1.598281000000000000e+06
2.432600000000000000e+04 8.849745835800268195e-04 1.597786000000000000e+06
2.432700000000000000e+04 8.723293133960480748e-04 1.596874000000000000e+06
2.432700000000000000e+04 9.418401201347167311e-04 1.596874000000000000e+06
2.432800000000000000e+04 9.170068095433896215e-04 1.595408000000000000e+06
2.432800000000000000e+04 9.580069442964131606e-04 1.594978000000000000e+06
2.432900000000000000e+04 9.347173092194269216e-04 1.592995000000000000e+06
2.432900000000000000e+04 9.440868484624546052e-04 1.594133000000000000e+06
2.433000000000000000e+04 9.649994145796094878e-04 1.588602000000000000e+06
2.433000000000000000e+04 9.150877686617925029e-04 1.592197000000000000e+06
2.433100000000000000e+04 9.191118688649911475e-04 1.590666000000000000e+06
2.433100000000000000e+04 9.349790305644430739e-04 1.590410000000000000e+06
2.433200000000000000e+04 9.493103502508542287e-04 1.589575000000000000e+06
2.433200000000000000e+04 9.342595819801757491e-04 1.589494000000000000e+06
2.433300000000000000e+04 9.675730734996497266e-04 1.587477000000000000e+06
2.433300000000000000e+04 9.622687374757088203e-04 1.587914000000000000e+06
2.433400000000000000e+04 9.702643623413761747e-04 1.585135000000000000e+06
2.433400000000000000e+04 9.807320193877353421e-04 1.586570000000000000e+06
2.433500000000000000e+04 9.011125298213297410e-04 1.583598000000000000e+06
2.433500000000000000e+04 9.892814167873555543e-04 1.583978000000000000e+06
2.433600000000000000e+04 9.842718662502135916e-04 1.582896000000000000e+06
2.433600000000000000e+04 9.847434294606384388e-04 1.582138000000000000e+06
2.433700000000000000e+04 9.549008547311224225e-04 1.581316000000000000e+06
2.433700000000000000e+04 9.512701733791091834e-04 1.581044000000000000e+06
2.433800000000000000e+04 1.016842763331902251e-03 1.580382000000000000e+06
2.433800000000000000e+04 9.677104326287086717e-04 1.576918000000000000e+06
2.433900000000000000e+04 1.011304990503907389e-03 1.572226000000000000e+06
2.433900000000000000e+04 1.005996040673429789e-03 1.577541000000000000e+06
2.434000000000000000e+04 1.013320653051466482e-03 1.573046000000000000e+06
2.434000000000000000e+04 1.025624721815986259e-03 1.572700000000000000e+06
2.434100000000000000e+04 1.009525091460431508e-03 1.574998000000000000e+06
2.434100000000000000e+04 1.027562862669247111e-03 1.571680000000000000e+06
2.434200000000000000e+04 1.037540868715688134e-03 1.568131000000000000e+06
2.434200000000000000e+04 1.055561497598565867e-03 1.570728000000000000e+06
2.434300000000000000e+04 1.034890597279714951e-03 1.569248000000000000e+06
2.434300000000000000e+04 1.016533315669262234e-03 1.570042000000000000e+06
2.434400000000000000e+04 1.062853832717268509e-03 1.567478000000000000e+06
2.434400000000000000e+04 1.096710188431275664e-03 1.567415000000000000e+06
2.434500000000000000e+04 1.112415087559684391e-03 1.569558000000000000e+06
2.434500000000000000e+04 1.039740778353007416e-03 1.569622000000000000e+06
2.434600000000000000e+04 1.134738751902122748e-03 1.568643000000000000e+06
2.434600000000000000e+04 1.127114217220770041e-03 1.565946000000000000e+06
2.434700000000000000e+04 1.170517012386161583e-03 1.566829000000000000e+06
2.434700000000000000e+04 1.137941047888616419e-03 1.566865000000000000e+06
2.434800000000000000e+04 1.146342974322558245e-03 1.565849000000000000e+06
2.434800000000000000e+04 1.162323599831144435e-03 1.565829000000000000e+06
2.434900000000000000e+04 1.174332430049867398e-03 1.564293000000000000e+06
2.434900000000000000e+04 1.220793630908702850e-03 1.564556000000000000e+06
2.435000000000000000e+04 1.229208513088211972e-03 1.556286000000000000e+06
2.435000000000000000e+04 1.200596140438404133e-03 1.563390000000000000e+06
2.435100000000000000e+04 1.243525049342146353e-03 1.554452000000000000e+06
2.435100000000000000e+04 1.215387018175529939e-03 1.555883000000000000e+06
2.435200000000000000e+04 1.350491717497139497e-03 1.559432000000000000e+06
2.435200000000000000e+04 1.264679081256918185e-03 1.556126000000000000e+06
2.435300000000000000e+04 1.382963640816117909e-03 1.551740000000000000e+06
2.435300000000000000e+04 1.381374172026014627e-03 1.557869000000000000e+06
2.435400000000000000e+04 1.522230954866272057e-03 1.551013000000000000e+06
2.435400000000000000e+04 1.513220513978735674e-03 1.549675000000000000e+06
2.435500000000000000e+04 1.567511034325727538e-03 1.554694000000000000e+06
2.435500000000000000e+04 1.596781860454590200e-03 1.546235000000000000e+06
2.435600000000000000e+04 1.705077759040661859e-03 1.547730000000000000e+06
2.435600000000000000e+04 1.725944367254032830e-03 1.545241000000000000e+06
2.435700000000000000e+04 1.934771304741644739e-03 1.550054000000000000e+06
2.435700000000000000e+04 1.936388912782947358e-03 1.546177000000000000e+06
2.435800000000000000e+04 2.092034019413868944e-03 1.550644000000000000e+06
2.435800000000000000e+04 2.112370057186818348e-03 1.544237000000000000e+06
2.435900000000000000e+04 2.302165356880968902e-03 1.543764000000000000e+06
2.435900000000000000e+04 2.454285298540045610e-03 1.546275000000000000e+06
2.436000000000000000e+04 2.523205579974136577e-03 1.542086000000000000e+06
2.436000000000000000e+04 2.614487419964503685e-03 1.544471000000000000e+06
2.436100000000000000e+04 2.706777066310520063e-03 1.540947000000000000e+06
2.436100000000000000e+04 2.820648762225677359e-03 1.537235000000000000e+06
2.436200000000000000e+04 2.996901508609735223e-03 1.535586000000000000e+06
2.436200000000000000e+04 2.963856583214019135e-03 1.535162000000000000e+06
2.436300000000000000e+04 3.072354870028047233e-03 1.533677000000000000e+06
2.436300000000000000e+04 3.231853858126999823e-03 1.539983000000000000e+06
2.436400000000000000e+04 3.397218669660366248e-03 1.535668000000000000e+06
2.436400000000000000e+04 3.286599716688198662e-03 1.532587000000000000e+06
2.436500000000000000e+04 3.517919217619977154e-03 1.533577000000000000e+06
2.436500000000000000e+04 3.391362442146682744e-03 1.531243000000000000e+06
2.436600000000000000e+04 3.584681978058795564e-03 1.528448000000000000e+06
2.436600000000000000e+04 3.570674170750155578e-03 1.529123000000000000e+06
2.436700000000000000e+04 3.752432618278072392e-03 1.524078000000000000e+06
2.436700000000000000e+04 3.741196608851541684e-03 1.532932000000000000e+06
2.436800000000000000e+04 3.990943678449244102e-03 1.518939000000000000e+06
2.436800000000000000e+04 3.885995101433825476e-03 1.527794000000000000e+06
2.436900000000000000e+04 4.069933513912836302e-03 1.522875000000000000e+06
2.436900000000000000e+04 4.010588162728031397e-03 1.523966000000000000e+06
2.437000000000000000e+04 4.145650521661031068e-03 1.519665000000000000e+06
2.437000000000000000e+04 4.141516412907929670e-03 1.518043000000000000e+06
2.437100000000000000e+04 4.276815097953079459e-03 1.520524000000000000e+06
2.437100000000000000e+04 4.379103764489251926e-03 1.519489000000000000e+06
2.437200000000000000e+04 4.418771234614142507e-03 1.521690000000000000e+06
2.437200000000000000e+04 4.398724068288443166e-03 1.524533000000000000e+06
2.437300000000000000e+04 4.319778333585009254e-03 1.516513000000000000e+06
2.437300000000000000e+04 4.482834457773256578e-03 1.518682000000000000e+06
2.437400000000000000e+04 4.647886858212335777e-03 1.512085000000000000e+06
2.437400000000000000e+04 4.641618214687069470e-03 1.514558000000000000e+06
2.437500000000000000e+04 4.638661548872815774e-03 1.513152000000000000e+06
2.437500000000000000e+04 4.750163844316195039e-03 1.513632000000000000e+06
2.437600000000000000e+04 4.652233780206265455e-03 1.511317000000000000e+06
2.437600000000000000e+04 4.806684932378839370e-03 1.508108000000000000e+06
2.437700000000000000e+04 4.745807946717986447e-03 1.513757000000000000e+06
2.437700000000000000e+04 4.818364853470090935e-03 1.510886000000000000e+06
2.437800000000000000e+04 4.837089353689172713e-03 1.506071000000000000e+06
2.437800000000000000e+04 4.739327094871811571e-03 1.512873000000000000e+06
2.437900000000000000e+04 4.812148520221235480e-03 1.508266000000000000e+06
2.437900000000000000e+04 4.785946048252565262e-03 1.511091000000000000e+06
2.438000000000000000e+04 4.780379106465969252e-03 1.504274000000000000e+06
2.438000000000000000e+04 4.830370705966996296e-03 1.500920000000000000e+06
2.438100000000000000e+04 4.864594480947166504e-03 1.505367000000000000e+06
2.438100000000000000e+04 4.794061034926164894e-03 1.502484000000000000e+06
2.438200000000000000e+04 4.919376696480663551e-03 1.497954000000000000e+06
2.438200000000000000e+04 4.853088322876588506e-03 1.501106000000000000e+06
2.438300000000000000e+04 4.920167640318402931e-03 1.505843000000000000e+06
2.438300000000000000e+04 4.916023489149680230e-03 1.499586000000000000e+06
2.438400000000000000e+04 4.986129990384081771e-03 1.498557000000000000e+06
2.438400000000000000e+04 5.095326314440701623e-03 1.498432000000000000e+06
2.438500000000000000e+04 5.191909241303986101e-03 1.494248000000000000e+06
2.438500000000000000e+04 5.014810858708546731e-03 1.494174000000000000e+06
2.438600000000000000e+04 5.114045972144412935e-03 1.492556000000000000e+06
2.438600000000000000e+04 5.250421920811586610e-03 1.499689000000000000e+06
2.438700000000000000e+04 5.217911520853559491e-03 1.491018000000000000e+06
2.438700000000000000e+04 5.310320606091025776e-03 1.494825000000000000e+06
2.438800000000000000e+04 5.365611103245072379e-03 1.490231000000000000e+06
2.438800000000000000e+04 5.495240937972246074e-03 1.494202000000000000e+06
2.438900000000000000e+04 5.404858475931766451e-03 1.492361000000000000e+06
2.438900000000000000e+04 5.357090104389067818e-03 1.489428000000000000e+06
2.439000000000000000e+04 5.511557107066064609e-03 1.491593000000000000e+06
2.439000000000000000e+04 5.356624641279460024e-03 1.488624000000000000e+06
2.439100000000000000e+04 5.557337831394014264e-03 1.486863000000000000e+06
2.439100000000000000e+04 5.597686030280246347e-03 1.490080000000000000e+06
2.439200000000000000e+04 5.656002214036026134e-03 1.488684000000000000e+06
2.439200000000000000e+04 5.656124585499092139e-03 1.485823000000000000e+06
2.439300000000000000e+04 5.603405296589034253e-03 1.484276000000000000e+06
2.439300000000000000e+04 5.656690876261578731e-03 1.484260000000000000e+06
2.439400000000000000e+04 5.610451809239237926e-03 1.483303000000000000e+06
2.439400000000000000e+04 5.628891152286966473e-03 1.482530000000000000e+06
2.439500000000000000e+04 5.758580412873496798e-03 1.483699000000000000e+06
2.439500000000000000e+04 5.733944954128441553e-03 1.484144000000000000e+06
2.439600000000000000e+04 5.641803977922558826e-03 1.486404000000000000e+06
2.439600000000000000e+04 5.536788810766512040e-03 1.483712000000000000e+06
2.439700000000000000e+04 5.619873229561456705e-03 1.484731000000000000e+06
2.439700000000000000e+04 5.620279526414377093e-03 1.478930000000000000e+06
2.439800000000000000e+04 5.594450045882210301e-03 1.478787000000000000e+06
2.439800000000000000e+04 5.558464329635823785e-03 1.478286000000000000e+06
2.439900000000000000e+04 5.663903429770648403e-03 1.479545000000000000e+06
2.439900000000000000e+04 5.725812446360619735e-03 1.479790000000000000e+06
2.440000000000000000e+04 5.578765649902171428e-03 1.478284000000000000e+06
2.440200000000000000e+04 5.553242268826491350e-03 1.476975000000000000e+06
2.440400000000000000e+04 5.313761577426731608e-03 1.474097000000000000e+06
2.440600000000000000e+04 5.330949238881925283e-03 1.473096000000000000e+06
2.440800000000000000e+04 5.023250629690396984e-03 1.471358000000000000e+06
2.441000000000000000e+04 5.108203321590342426e-03 1.470380000000000000e+06
2.441200000000000000e+04 5.145896590495544452e-03 1.472824000000000000e+06
2.441400000000000000e+04 5.124482853477663191e-03 1.468636000000000000e+06
2.441600000000000000e+04 5.234132949020143567e-03 1.468247000000000000e+06
2.441800000000000000e+04 5.151237946703066117e-03 1.467026000000000000e+06
2.442000000000000000e+04 5.393749143267496590e-03 1.466327000000000000e+06
2.442200000000000000e+04 5.307921423964177300e-03 1.468183000000000000e+06
2.442400000000000000e+04 5.407424912813209653e-03 1.464098000000000000e+06
2.442600000000000000e+04 5.248282007686544924e-03 1.463336000000000000e+06
2.442800000000000000e+04 5.247272772028778454e-03 1.462474000000000000e+06
2.443000000000000000e+04 5.464402373745129611e-03 1.461825000000000000e+06
2.443200000000000000e+04 5.577104790863712455e-03 1.461511000000000000e+06
2.443400000000000000e+04 5.538713484884579333e-03 1.460628000000000000e+06
2.443600000000000000e+04 5.426670420536127380e-03 1.459827000000000000e+06
2.443800000000000000e+04 5.617442243851147009e-03 1.458849000000000000e+06
2.444000000000000000e+04 5.550373134328363475e-03 1.457920000000000000e+06
2.444200000000000000e+04 5.503131707370654754e-03 1.457352000000000000e+06
2.444400000000000000e+04 5.599674130838117048e-03 1.455799000000000000e+06
2.444600000000000000e+04 5.684394814303798601e-03 1.455388000000000000e+06
2.444800000000000000e+04 5.629984774903775031e-03 1.454178000000000000e+06
2.445000000000000000e+04 5.573315806317299947e-03 1.452995000000000000e+06
2.445200000000000000e+04 5.579525626706804617e-03 1.452274000000000000e+06
2.445400000000000000e+04 5.589289169960261899e-03 1.452063000000000000e+06
2.445600000000000000e+04 5.597203808605521330e-03 1.451975000000000000e+06
2.445800000000000000e+04 5.633651383532149552e-03 1.450924000000000000e+06
2.446000000000000000e+04 5.709277178890228600e-03 1.450096000000000000e+06
2.446200000000000000e+04 5.487341309318004116e-03 1.449518000000000000e+06
2.446400000000000000e+04 5.476961559805500375e-03 1.448796000000000000e+06
2.446600000000000000e+04 5.449843481047798172e-03 1.447748000000000000e+06
2.446800000000000000e+04 5.417453444515139133e-03 1.447359000000000000e+06
2.447000000000000000e+04 5.412132358024852874e-03 1.446380000000000000e+06
2.447200000000000000e+04 5.389837965877523548e-03 1.445498000000000000e+06
2.447400000000000000e+04 5.441377310128038547e-03 1.444671000000000000e+06
2.447600000000000000e+04 5.346467292464985969e-03 1.443383000000000000e+06
2.447800000000000000e+04 5.393424814338369268e-03 1.439716000000000000e+06
2.448000000000000000e+04 5.438684228231910854e-03 1.441709000000000000e+06
2.448200000000000000e+04 5.355450467645839902e-03 1.438161000000000000e+06
2.448400000000000000e+04 5.461681103638636216e-03 1.440399000000000000e+06
2.448600000000000000e+04 5.357327714079467701e-03 1.439337000000000000e+06
2.448800000000000000e+04 5.509872494378845881e-03 1.433427000000000000e+06
2.449000000000000000e+04 5.561932959889255221e-03 1.434753000000000000e+06
2.449200000000000000e+04 5.477457271439601511e-03 1.433877000000000000e+06
2.449400000000000000e+04 5.598687060106903590e-03 1.433729000000000000e+06
2.449600000000000000e+04 5.544220394631185246e-03 1.432122000000000000e+06
2.449800000000000000e+04 5.590872990649030892e-03 1.431619000000000000e+06
2.450000000000000000e+04 5.670330008727358581e-03 1.428841000000000000e+06
2.450200000000000000e+04 5.612414266503876724e-03 1.421848000000000000e+06
2.450400000000000000e+04 5.717480992659798589e-03 1.423529000000000000e+06
2.450600000000000000e+04 5.622185218753739978e-03 1.423290000000000000e+06
2.450800000000000000e+04 5.711458706132504018e-03 1.425030000000000000e+06
2.451000000000000000e+04 5.654572496457534875e-03 1.422035000000000000e+06
2.451200000000000000e+04 5.731700202911316384e-03 1.422789000000000000e+06
2.451400000000000000e+04 5.727239597394437158e-03 1.418659000000000000e+06
2.451600000000000000e+04 5.794073752246406937e-03 1.417828000000000000e+06
2.451800000000000000e+04 5.618664858133146783e-03 1.414037000000000000e+06
2.452000000000000000e+04 5.730256488454782242e-03 1.416516000000000000e+06
2.452200000000000000e+04 5.740491626300731239e-03 1.415384000000000000e+06
2.452400000000000000e+04 5.731708349680050829e-03 1.417204000000000000e+06
2.452600000000000000e+04 5.718874132185000451e-03 1.407270000000000000e+06
2.452800000000000000e+04 5.810043155851623252e-03 1.406530000000000000e+06
2.453000000000000000e+04 5.681515051711250562e-03 1.405787000000000000e+06
2.453200000000000000e+04 5.769726158606271540e-03 1.405266000000000000e+06
2.453400000000000000e+04 5.930710552690075625e-03 1.403879000000000000e+06
2.453600000000000000e+04 5.679530530148914694e-03 1.403285000000000000e+06
2.453800000000000000e+04 5.860262413649240491e-03 1.401985000000000000e+06
2.454000000000000000e+04 5.813521969489362368e-03 1.401216000000000000e+06
2.454200000000000000e+04 5.813945183210699266e-03 1.400082000000000000e+06
2.454400000000000000e+04 5.736548868194416700e-03 1.399622000000000000e+06
2.454600000000000000e+04 5.734329418711122880e-03 1.398943000000000000e+06
2.454800000000000000e+04 5.578116159011348510e-03 1.397963000000000000e+06
2.455000000000000000e+04 5.725022879340906264e-03 1.397549000000000000e+06
2.455200000000000000e+04 5.804062915669544118e-03 1.396091000000000000e+06
2.455400000000000000e+04 5.709782708457611204e-03 1.394624000000000000e+06
2.455600000000000000e+04 5.704701356875258901e-03 1.393938000000000000e+06
2.455800000000000000e+04 5.791892355491573552e-03 1.393327000000000000e+06
2.456000000000000000e+04 5.578951829374728145e-03 1.392197000000000000e+06
2.456200000000000000e+04 5.647451819143571930e-03 1.391424000000000000e+06
2.456400000000000000e+04 5.738260801400355167e-03 1.390491000000000000e+06
2.456600000000000000e+04 5.549738370504194405e-03 1.390516000000000000e+06
2.456800000000000000e+04 5.656982894481171059e-03 1.389610000000000000e+06
2.457000000000000000e+04 5.626291906701400003e-03 1.389903000000000000e+06
2.457200000000000000e+04 5.686427945636625403e-03 1.389097000000000000e+06
2.457400000000000000e+04 5.603069914877411260e-03 1.388703000000000000e+06
2.457600000000000000e+04 5.743630839478129808e-03 1.387624000000000000e+06
2.457800000000000000e+04 5.635825775843516725e-03 1.389681000000000000e+06
2.458000000000000000e+04 5.790682521230694144e-03 1.385847000000000000e+06
2.458200000000000000e+04 5.736811326339799448e-03 1.385090000000000000e+06
2.458400000000000000e+04 5.663415807714081152e-03 1.384147000000000000e+06
2.458600000000000000e+04 5.560945835840538573e-03 1.389332000000000000e+06
2.458800000000000000e+04 5.729892175880202214e-03 1.386239000000000000e+06
2.459000000000000000e+04 5.662580813261166267e-03 1.393181000000000000e+06
2.459200000000000000e+04 5.676787403805770051e-03 1.383529000000000000e+06
2.459400000000000000e+04 5.742587694475578125e-03 1.385264000000000000e+06
2.459600000000000000e+04 5.736753108881399374e-03 1.385627000000000000e+06
2.459800000000000000e+04 5.696207547727158774e-03 1.387941000000000000e+06
2.460000000000000000e+04 5.794115335841696322e-03 1.387097000000000000e+06
2.460200000000000000e+04 5.706630188962988348e-03 1.383128000000000000e+06
2.460400000000000000e+04 5.935046343826380806e-03 1.383140000000000000e+06
2.460600000000000000e+04 5.871068157961417504e-03 1.381350000000000000e+06
2.460800000000000000e+04 5.777590352875780662e-03 1.377737000000000000e+06
2.461000000000000000e+04 5.611117049027853493e-03 1.471702000000000000e+06
2.461200000000000000e+04 5.732691511067723560e-03 1.461335000000000000e+06
2.461400000000000000e+04 5.783122221797909815e-03 1.466933000000000000e+06
2.461600000000000000e+04 5.803965742419001615e-03 1.460280000000000000e+06
2.461800000000000000e+04 5.783333466303689982e-03 1.463891000000000000e+06
2.462000000000000000e+04 5.735360039121397205e-03 1.458450000000000000e+06
2.462200000000000000e+04 5.684440441148824741e-03 1.458834000000000000e+06
2.462400000000000000e+04 5.825404687954982216e-03 1.454953000000000000e+06
2.462600000000000000e+04 5.825006378276642409e-03 1.463272000000000000e+06
2.462800000000000000e+04 5.728133664240243374e-03 1.453600000000000000e+06
2.463000000000000000e+04 5.858779711581059424e-03 1.458326000000000000e+06
2.463200000000000000e+04 5.764647642718384070e-03 1.455183000000000000e+06
2.463400000000000000e+04 5.799939262775787724e-03 1.450604000000000000e+06
2.463600000000000000e+04 5.827981479309385024e-03 1.450625000000000000e+06
2.463800000000000000e+04 5.933039502832648110e-03 1.449654000000000000e+06
2.464000000000000000e+04 5.834405929185781242e-03 1.451825000000000000e+06
2.464200000000000000e+04 5.706046771683606113e-03 1.448214000000000000e+06
2.464400000000000000e+04 5.779911610267576480e-03 1.456121000000000000e+06
2.464600000000000000e+04 5.712122519966797082e-03 1.450635000000000000e+06
2.464800000000000000e+04 5.633297370114316582e-03 1.447006000000000000e+06
2.465000000000000000e+04 5.689890151869089752e-03 1.454575000000000000e+06
2.465200000000000000e+04 5.806254195152409266e-03 1.445293000000000000e+06
2.465400000000000000e+04 5.706458428497724472e-03 1.447683000000000000e+06
2.465600000000000000e+04 5.716640099806087269e-03 1.446678000000000000e+06
2.465800000000000000e+04 5.751742610802482170e-03 1.449164000000000000e+06
2.466000000000000000e+04 5.759593912790945611e-03 1.444799000000000000e+06
2.466200000000000000e+04 5.842927575954864894e-03 1.449947000000000000e+06
2.466400000000000000e+04 5.773260825458875409e-03 1.443222000000000000e+06
2.466600000000000000e+04 5.819881674342941569e-03 1.446197000000000000e+06
2.466800000000000000e+04 5.918338967093161179e-03 1.445542000000000000e+06
2.467000000000000000e+04 5.724449390731642731e-03 1.444041000000000000e+06
2.467200000000000000e+04 5.812905780203405509e-03 1.443782000000000000e+06
2.467400000000000000e+04 5.841419621563423599e-03 1.443296000000000000e+06
2.467600000000000000e+04 5.849045308284871354e-03 1.441312000000000000e+06
2.467800000000000000e+04 5.890047837256701287e-03 1.441268000000000000e+06
2.468000000000000000e+04 5.888576482877655796e-03 1.443801000000000000e+06
2.468200000000000000e+04 5.975595431457584282e-03 1.439451000000000000e+06
2.468400000000000000e+04 5.895771454430328608e-03 1.439285000000000000e+06
2.468600000000000000e+04 5.875715412344808576e-03 1.436002000000000000e+06
2.468800000000000000e+04 5.814846393303459496e-03 1.440467000000000000e+06
2.469000000000000000e+04 5.886027407003680163e-03 1.439133000000000000e+06
2.469200000000000000e+04 5.873915848843399602e-03 1.435861000000000000e+06
2.469400000000000000e+04 5.987919630895631277e-03 1.432212000000000000e+06
2.469600000000000000e+04 5.834205137790848469e-03 1.434220000000000000e+06
2.469800000000000000e+04 5.728539455908378264e-03 1.436377000000000000e+06
2.470000000000000000e+04 5.830886288023873383e-03 1.436339000000000000e+06
2.470200000000000000e+04 5.835909164185366059e-03 1.435324000000000000e+06
2.470400000000000000e+04 5.845503143844570960e-03 1.431762000000000000e+06
2.470600000000000000e+04 5.867170614476582141e-03 1.433429000000000000e+06
2.470800000000000000e+04 5.786007880753266455e-03 1.427246000000000000e+06
2.471000000000000000e+04 5.937911180052382436e-03 1.429724000000000000e+06
2.471200000000000000e+04 6.004689094571007829e-03 1.428100000000000000e+06
2.471400000000000000e+04 5.723712739248464250e-03 1.427301000000000000e+06
2.471600000000000000e+04 5.760219039162580747e-03 1.428380000000000000e+06
2.471800000000000000e+04 5.976968545087734536e-03 1.428091000000000000e+06
2.472000000000000000e+04 5.878845813575561685e-03 1.427481000000000000e+06
2.472200000000000000e+04 5.890770532089752501e-03 1.426784000000000000e+06
2.472400000000000000e+04 6.091965959288449424e-03 1.425138000000000000e+06
2.472600000000000000e+04 5.872268132558259440e-03 1.425054000000000000e+06
2.472800000000000000e+04 5.899597067568407814e-03 1.418269000000000000e+06
2.473000000000000000e+04 5.987528641833390029e-03 1.411043000000000000e+06
2.473200000000000000e+04 5.915552752024695257e-03 1.404484000000000000e+06
2.473400000000000000e+04 5.978377317476393261e-03 1.391442000000000000e+06
2.473600000000000000e+04 6.050314453267017015e-03 1.377900000000000000e+06
2.473800000000000000e+04 6.043649014485378071e-03 1.363134000000000000e+06
2.474000000000000000e+04 6.108491006227250233e-03 1.358214000000000000e+06
2.474200000000000000e+04 6.101292169199399630e-03 1.356142000000000000e+06
2.474400000000000000e+04 6.057578137276543526e-03 1.354494000000000000e+06
2.474600000000000000e+04 6.021057241098764883e-03 1.355142000000000000e+06
2.474800000000000000e+04 6.158413452175571026e-03 1.353699000000000000e+06
2.475000000000000000e+04 6.024618917410993341e-03 1.354052000000000000e+06
2.475200000000000000e+04 6.133168656603548916e-03 1.352882000000000000e+06
2.475400000000000000e+04 6.138473852659058136e-03 1.353185000000000000e+06
2.475600000000000000e+04 6.216263439445823998e-03 1.351817000000000000e+06
2.475800000000000000e+04 6.069379454636160930e-03 1.351244000000000000e+06
2.476000000000000000e+04 6.279452000386529821e-03 1.350581000000000000e+06
2.476200000000000000e+04 6.120028636816534848e-03 1.349524000000000000e+06
2.476400000000000000e+04 6.089691603466602585e-03 1.349041000000000000e+06
2.476600000000000000e+04 6.185886955078990536e-03 1.348937000000000000e+06
2.476800000000000000e+04 6.039042386419268653e-03 1.346986000000000000e+06
2.477000000000000000e+04 6.114226501185586471e-03 1.346991000000000000e+06
2.477200000000000000e+04 6.072408708710257640e-03 1.342296000000000000e+06
2.477400000000000000e+04 6.203904548577948361e-03 1.345740000000000000e+06
2.477600000000000000e+04 6.112559533873782036e-03 1.340056000000000000e+06
2.477800000000000000e+04 6.111540763709502264e-03 1.343953000000000000e+06
2.478000000000000000e+04 6.059145983875321648e-03 1.341896000000000000e+06
2.478200000000000000e+04 6.134621858422360796e-03 1.340872000000000000e+06
2.478400000000000000e+04 6.218639852088715322e-03 1.340497000000000000e+06
2.478600000000000000e+04 6.121763736263775325e-03 1.338884000000000000e+06
2.478800000000000000e+04 6.190827294091694015e-03 1.340446000000000000e+06
2.479000000000000000e+04 6.163633574751897076e-03 1.332560000000000000e+06
2.479200000000000000e+04 6.131776797527820067e-03 1.337318000000000000e+06
2.479400000000000000e+04 6.412780250174645626e-03 1.335876000000000000e+06
2.479600000000000000e+04 6.466410501713407491e-03 1.329485000000000000e+06
2.479800000000000000e+04 6.479187795700149834e-03 1.335357000000000000e+06
2.480000000000000000e+04 6.016785939742826279e-03 1.444407000000000000e+06
2.480200000000000000e+04 6.024572706483239705e-03 1.443334000000000000e+06
2.480400000000000000e+04 6.071221979018080923e-03 1.445890000000000000e+06
2.480600000000000000e+04 6.141656246443649020e-03 1.442185000000000000e+06
2.480800000000000000e+04 6.226208189442113475e-03 1.441440000000000000e+06
2.481000000000000000e+04 6.196169009016739247e-03 1.444076000000000000e+06
2.481200000000000000e+04 6.216820577164000258e-03 1.439786000000000000e+06
2.481400000000000000e+04 6.264527696173577756e-03 1.436146000000000000e+06
2.481600000000000000e+04 6.211816593293110166e-03 1.441594000000000000e+06
2.481800000000000000e+04 6.205673614268482526e-03 1.437474000000000000e+06
2.482000000000000000e+04 6.360465430612147544e-03 1.431378000000000000e+06
2.482200000000000000e+04 6.263954452930661256e-03 1.433712000000000000e+06
2.482400000000000000e+04 6.153333612338971609e-03 1.430018000000000000e+06
2.482600000000000000e+04 6.107228844328971458e-03 1.431643000000000000e+06
2.482800000000000000e+04 6.252608669481749329e-03 1.427573000000000000e+06
2.483000000000000000e+04 6.216222038019614780e-03 1.427126000000000000e+06
2.483200000000000000e+04 6.204166794484843907e-03 1.426407000000000000e+06
2.483400000000000000e+04 6.279383755148798887e-03 1.429728000000000000e+06
2.483600000000000000e+04 6.352291990092379104e-03 1.424612000000000000e+06
2.483800000000000000e+04 6.094116999094374189e-03 1.423928000000000000e+06
2.484000000000000000e+04 6.196852748779151619e-03 1.420697000000000000e+06
2.484200000000000000e+04 6.310103152923170720e-03 1.427956000000000000e+06
2.484400000000000000e+04 6.288321508094034222e-03 1.421173000000000000e+06
2.484600000000000000e+04 6.318367878360538030e-03 1.420548000000000000e+06
2.484800000000000000e+04 6.196856359592308773e-03 1.420074000000000000e+06
2.485000000000000000e+04 6.394819998714038056e-03 1.419931000000000000e+06
2.485200000000000000e+04 6.323284888236109860e-03 1.416459000000000000e+06
2.485400000000000000e+04 6.156468484691686970e-03 1.415374000000000000e+06
2.485600000000000000e+04 6.149839567635568584e-03 1.416720000000000000e+06
2.485800000000000000e+04 6.439047987923759118e-03 1.413679000000000000e+06
2.486000000000000000e+04 6.172013301910395620e-03 1.413390000000000000e+06
2.486200000000000000e+04 6.361754437184382292e-03 1.415005000000000000e+06
2.486400000000000000e+04 6.156203914015811671e-03 1.410942000000000000e+06
2.486600000000000000e+04 6.164102269729601798e-03 1.410552000000000000e+06
2.486800000000000000e+04 5.898079491565053935e-03 1.409964000000000000e+06
2.487000000000000000e+04 6.118081317542059527e-03 1.409050000000000000e+06
2.487200000000000000e+04 6.116418455559882554e-03 1.407801000000000000e+06
2.487400000000000000e+04 6.078630187280865960e-03 1.406333000000000000e+06
2.487600000000000000e+04 6.023496272893997042e-03 1.405502000000000000e+06
2.487800000000000000e+04 6.076079887057335427e-03 1.405064000000000000e+06
2.488000000000000000e+04 5.954686227586019308e-03 1.404095000000000000e+06
2.488200000000000000e+04 6.027966628738406878e-03 1.403024000000000000e+06
2.488400000000000000e+04 6.057695285598138114e-03 1.403314000000000000e+06
2.488600000000000000e+04 5.940608079552004740e-03 1.404043000000000000e+06
2.488800000000000000e+04 6.003661005818584744e-03 1.400939000000000000e+06
2.489000000000000000e+04 5.887295279881400896e-03 1.401150000000000000e+06
2.489200000000000000e+04 5.973298696478965795e-03 1.402106000000000000e+06
2.489400000000000000e+04 5.997590280479010369e-03 1.398491000000000000e+06
2.489600000000000000e+04 5.970322226918320201e-03 1.395715000000000000e+06
2.489800000000000000e+04 5.854359718580396527e-03 1.397194000000000000e+06
2.490000000000000000e+04 6.014831769412466896e-03 1.399188000000000000e+06
2.490200000000000000e+04 6.092534965676648165e-03 1.398795000000000000e+06
2.490400000000000000e+04 6.004280982125546548e-03 1.397661000000000000e+06
2.490600000000000000e+04 5.941060928629849844e-03 1.394148000000000000e+06
2.490800000000000000e+04 6.053688742419629024e-03 1.394201000000000000e+06
2.491000000000000000e+04 6.092403040637372515e-03 1.393108000000000000e+06
2.491200000000000000e+04 5.881785385174380723e-03 1.391906000000000000e+06
2.491400000000000000e+04 6.063246178768429313e-03 1.391827000000000000e+06
2.491600000000000000e+04 6.238689779937164719e-03 1.388389000000000000e+06
2.491800000000000000e+04 6.154426292981881978e-03 1.389701000000000000e+06
2.492000000000000000e+04 6.218957995472904413e-03 1.389670000000000000e+06
2.492200000000000000e+04 6.126918452096307734e-03 1.388994000000000000e+06
2.492400000000000000e+04 6.065809514245233333e-03 1.389865000000000000e+06
2.492600000000000000e+04 6.005569727710247628e-03 1.470849000000000000e+06
2.492800000000000000e+04 5.957285174302086317e-03 1.470787000000000000e+06
2.493000000000000000e+04 6.055219806970889122e-03 1.466327000000000000e+06
2.493200000000000000e+04 5.958410248339299567e-03 1.462383000000000000e+06
2.493400000000000000e+04 6.004776225657061477e-03 1.467455000000000000e+06
2.493600000000000000e+04 6.035856140781663270e-03 1.467439000000000000e+06
2.493800000000000000e+04 6.110255786515626265e-03 1.469750000000000000e+06
2.494000000000000000e+04 6.040565013133509381e-03 1.465156000000000000e+06
2.494200000000000000e+04 6.104509188410615385e-03 1.457640000000000000e+06
2.494400000000000000e+04 6.071491663221622627e-03 1.461168000000000000e+06
2.494600000000000000e+04 6.092649920192673256e-03 1.461046000000000000e+06
2.494800000000000000e+04 6.300839120853850284e-03 1.462355000000000000e+06
2.495000000000000000e+04 6.254840001323667964e-03 1.458426000000000000e+06
2.495200000000000000e+04 6.064386900186213500e-03 1.465366000000000000e+06
2.495400000000000000e+04 6.105622302540517597e-03 1.461118000000000000e+06
2.495600000000000000e+04 6.074872551288434432e-03 1.457782000000000000e+06
2.495800000000000000e+04 6.084666886652803121e-03 1.462352000000000000e+06
2.496000000000000000e+04 6.015353068781840659e-03 1.465853000000000000e+06
2.496200000000000000e+04 5.892390279320485098e-03 1.461127000000000000e+06
2.496400000000000000e+04 5.968692020778512859e-03 1.459771000000000000e+06
2.496600000000000000e+04 6.008811356085931761e-03 1.463675000000000000e+06
2.496800000000000000e+04 5.851097468340392058e-03 1.458275000000000000e+06
2.497000000000000000e+04 5.923450772008746236e-03 1.459595000000000000e+06
2.497200000000000000e+04 6.003984074591717755e-03 1.463051000000000000e+06
2.497400000000000000e+04 5.987689816357472106e-03 1.458131000000000000e+06
2.497600000000000000e+04 6.009764996240953353e-03 1.463222000000000000e+06
2.497800000000000000e+04 5.981030560380628212e-03 1.463138000000000000e+06
2.498000000000000000e+04 6.138287558893964178e-03 1.457772000000000000e+06
2.498200000000000000e+04 5.954129349875573671e-03 1.458069000000000000e+06
2.498400000000000000e+04 6.126758000352293225e-03 1.455855000000000000e+06
2.498600000000000000e+04 6.080163136222272585e-03 1.453463000000000000e+06
2.498800000000000000e+04 6.114720466822614123e-03 1.459788000000000000e+06
2.499000000000000000e+04 6.139840567972458703e-03 1.455787000000000000e+06
2.499200000000000000e+04 6.154399053489785151e-03 1.456254000000000000e+06
2.499400000000000000e+04 6.123274184013086617e-03 1.455134000000000000e+06
2.499600000000000000e+04 6.062766510059933341e-03 1.449812000000000000e+06
2.499800000000000000e+04 5.996601051567451539e-03 1.450094000000000000e+06
2.500000000000000000e+04 5.946530225085837340e-03 1.446557000000000000e+06
