Energy fluotot bragg Monitor highharm
2.410000000000000000e+04 4.756928075247511675e-04 6.355160344587729604e+00 7.042360000000000000e+05 2.284457502599183121e-01
2.410500000000000000e+04 4.305114703600665545e-04 6.305281400579759499e+00 7.038140000000000000e+05 2.414624953400143492e-01
2.411000000000000000e+04 4.466889536951422165e-04 6.358605190962693499e+00 7.029500000000000000e+05 2.382852143949286405e-01
2.411500000000000000e+04 4.336606540976631775e-04 6.383276436936585085e+00 6.987030000000000000e+05 2.388087304505526753e-01
2.412000000000000000e+04 4.800036463184999182e-04 6.413634244066819257e+00 7.020780000000000000e+05 2.434124343226356513e-01
2.412500000000000000e+04 4.498406217542368166e-04 6.424615995879576325e+00 6.980250000000000000e+05 2.562792014265041773e-01
2.413000000000000000e+04 4.583193529273171460e-04 6.324474588947938791e+00 7.003850000000000000e+05 2.526747884130000066e-01
2.413500000000000000e+04 4.319766015066064447e-04 6.509248554446761759e+00 6.967970000000000000e+05 2.387351589798102636e-01
2.414000000000000000e+04 4.577630549113495843e-04 6.477705693961817168e+00 6.924980000000000000e+05 2.537626654351101685e-01
2.414500000000000000e+04 4.625186452828878116e-04 6.484665727054300000e+00 6.918640000000000000e+05 2.394215228113349136e-01
2.415000000000000000e+04 4.818349664596566022e-04 6.563285818144262151e+00 6.911080000000000000e+05 2.429537032011100939e-01
2.415500000000000000e+04 4.300981840298904622e-04 6.498856463868682098e+00 6.905400000000000000e+05 2.461081196392827797e-01
2.416000000000000000e+04 4.755008343010058420e-04 6.523283322908722148e+00 6.897990000000000000e+05 2.481263678687771757e-01
2.416500000000000000e+04 4.788660452049551684e-04 6.610509017568166001e+00 6.891280000000000000e+05 2.392044468843405880e-01
2.417000000000000000e+04 4.911113209877459532e-04 6.573087435333188289e+00 6.882350000000000000e+05 2.392083302500062347e-01
2.417500000000000000e+04 4.740204788479267695e-04 6.659843130178914272e+00 6.877340000000000000e+05 2.518603765966505592e-01
2.418000000000000000e+04 4.686772240335353472e-04 6.668272128125374287e+00 6.870400000000000000e+05 2.396283661772029561e-01
2.418500000000000000e+04 4.703997669846357219e-04 6.722299019064808867e+00 6.866500000000000000e+05 2.568427225530302560e-01
2.419000000000000000e+04 4.780058992923190940e-04 6.783894197197337661e+00 6.861840000000000000e+05 2.466039811845907592e-01
2.419500000000000000e+04 4.231636884698108925e-04 6.827405033308082238e+00 6.853140000000000000e+05 2.492708273963855636e-01
2.420000000000000000e+04 4.630251757158626428e-04 6.849773606416770910e+00 6.846280000000000000e+05 2.602884931409658043e-01
2.420500000000000000e+04 4.676537082746918834e-04 6.842106037638998828e+00 6.842670000000000000e+05 2.407498182626691130e-01
2.421000000000000000e+04 5.019735022383923270e-04 6.872681410735418162e+00 6.833030000000000000e+05 2.488419792275530784e-01
2.421500000000000000e+04 4.850307210545828050e-04 6.960728596338953800e+00 6.824310000000000000e+05 2.529195586449727307e-01
2.422000000000000000e+04 4.679113989964118646e-04 6.961333824730055575e+00 6.817530000000000000e+05 2.416226617138330368e-01
2.422500000000000000e+04 4.625353692720866254e-04 6.941468835046149088e+00 6.810290000000000000e+05 2.364949080025909589e-01
2.423000000000000000e+04 4.473117009654852417e-04 6.920023343886650302e+00 6.773800000000000000e+05 2.317906881327462809e-01
2.423500000000000000e+04 5.008450837401181178e-04 7.047938245130912271e+00 6.768560000000000000e+05 2.393535683830605165e-01
2.424000000000000000e+04 4.901434074239786279e-04 6.911552409691870125e+00 6.793930000000000000e+05 2.525341888604439866e-01
2.424500000000000000e+04 5.226068160956984015e-04 6.958042806489472376e+00 6.754600000000000000e+05 2.511902087002236272e-01
2.425000000000000000e+04 4.704922450669033829e-04 7.050782926523880612e+00 6.716370000000000000e+05 2.544324229845764673e-01
2.425500000000000000e+04 4.669253779130938639e-04 7.083447337009202371e+00 6.746260000000000000e+05 2.466853302701047801e-01
2.426000000000000000e+04 5.195150209208094800e-04 7.098545853592479915e+00 6.775550000000000000e+05 2.440419640941044466e-01
2.426500000000000000e+04 4.983505194632733377e-04 7.216333735337713939e+00 6.702110000000000000e+05 2.450419114175809987e-01
2.427000000000000000e+04 5.539793937584006848e-04 7.248960015983296756e+00 6.697000000000000000e+05 2.432517503466243569e-01
2.427500000000000000e+04 5.120910384068262221e-04 7.292588609396739585e+00 6.678500000000000000e+05 2.502905177452511842e-01
2.428000000000000000e+04 5.006745615350017631e-04 7.331044233871160110e+00 6.671000000000000000e+05 2.485932583580047206e-01
2.428500000000000000e+04 5.067823369862640894e-04 7.368820762935435198e+00 6.669530000000000000e+05 2.421425346777061061e-01
2.429000000000000000e+04 4.776783031905289332e-04 7.517407400832972542e+00 6.657200000000000000e+05 2.491155176329998278e-01
2.429500000000000000e+04 4.827270922685471472e-04 7.569909828997396062e+00 6.649720000000000000e+05 2.471073753985646437e-01
2.430000000000000000e+04 5.463847542096463613e-04 7.486135059859293506e+00 6.643670000000000000e+05 2.560144720772164484e-01
2.430000000000000000e+04 5.567065840333542499e-04 7.433295120761662211e+00 6.646230000000000000e+05 2.388555852491705267e-01
2.430100000000000000e+04 5.165670430226543437e-04 7.451846124010218730e+00 6.639990000000000000e+05 2.550713396450255965e-01
2.430100000000000000e+04 5.423794185089992172e-04 7.515143612201526047e+00 6.637420000000000000e+05 2.474469837014489360e-01
2.430200000000000000e+04 5.743730138151038845e-04 7.617483969394879928e+00 6.633320000000000000e+05 2.545998046468719855e-01
2.430200000000000000e+04 5.653073161319109325e-04 7.490030025247578216e+00 6.633560000000000000e+05 2.510559137092663318e-01
2.430300000000000000e+04 5.232680881865074858e-04 7.660030851781412409e+00 6.631400000000000000e+05 2.568181059883817285e-01
2.430300000000000000e+04 5.733036623543176025e-04 7.574285862043528716e+00 6.628250000000000000e+05 2.482151383453429228e-01
2.430400000000000000e+04 5.346301386413776979e-04 7.655090785780832796e+00 6.621400000000000000e+05 2.553238300032223962e-01
2.430400000000000000e+04 5.280994154693891170e-04 7.680499651063930067e+00 6.627540000000000000e+05 2.543350538651680814e-01
2.430500000000000000e+04 5.302001391585475180e-04 7.648960430946932121e+00 6.582420000000000000e+05 2.478926714073165227e-01
2.430500000000000000e+04 5.485778534737971316e-04 7.526339947278954945e+00 6.617110000000000000e+05 2.486405780215039663e-01
2.430600000000000000e+04 5.097194576705975496e-04 7.716390893100998127e+00 6.611480000000000000e+05 2.439691099888209869e-01
2.430600000000000000e+04 5.792594855631265360e-04 7.781844047510935169e+00 6.611890000000000000e+05 2.443979205381963948e-01
2.430700000000000000e+04 4.751966996529849029e-04 7.682200491159048461e+00 6.607790000000000000e+05 2.552575997585922463e-01
2.430700000000000000e+04 5.218341176058940902e-04 7.735217354740631102e+00 6.572970000000000000e+05 2.531845467913653169e-01
2.430800000000000000e+04 5.356977082182428577e-04 7.507853908309240154e+00 6.570870000000000000e+05 2.454581999016498262e-01
2.430800000000000000e+04 5.495986103224070798e-04 7.548506875458529386e+00 6.568430000000000000e+05 2.456758234048581624e-01
2.430900000000000000e+04 5.641483710215813982e-04 7.541568938896123342e+00 6.594010000000000000e+05 2.530219719426341496e-01
2.430900000000000000e+04 5.049509454562004125e-04 7.604131447157552515e+00 6.594700000000000000e+05 2.435179229023621827e-01
2.431000000000000000e+04 5.177374418304522092e-04 7.667101672933205769e+00 6.586350000000000000e+05 2.553464591179998577e-01
2.431000000000000000e+04 5.194734179983865599e-04 7.659276602431051018e+00 6.583590000000000000e+05 2.489987920640190922e-01
2.431100000000000000e+04 5.820978319515471028e-04 7.521449993410748824e+00 6.579650000000000000e+05 2.526654768086812330e-01
2.431100000000000000e+04 5.243392185977799281e-04 7.478136713343214836e+00 6.579710000000000000e+05 2.474391091700805512e-01
2.431200000000000000e+04 5.444428053708197466e-04 7.566945434505160328e+00 6.575530000000000000e+05 2.517521177369558272e-01
2.431200000000000000e+04 5.126200359898824962e-04 7.481499681592336692e+00 6.574070000000000000e+05 2.545876243860880628e-01
2.431300000000000000e+04 5.574891662795227994e-04 7.646985994563373801e+00 6.565150000000000000e+05 2.556611626410857929e-01
2.431300000000000000e+04 5.145693146180307237e-04 7.553464931589493503e+00 6.568600000000000000e+05 2.367976815787539990e-01
2.431400000000000000e+04 5.408534820299535978e-04 7.589987494926522693e+00 6.563700000000000000e+05 2.400574279847411951e-01
2.431400000000000000e+04 5.306544433160425992e-04 7.573717708450022457e+00 6.557940000000000000e+05 2.483961951574257532e-01
2.431500000000000000e+04 6.119334655882779439e-04 7.564965922963203582e+00 6.553000000000000000e+05 2.426178348061510115e-01
2.431500000000000000e+04 5.156148936429860675e-04 7.553133737503379130e+00 6.555280000000000000e+05 2.557587517683982958e-01
2.431600000000000000e+04 5.220712489867710164e-04 7.576713073721162317e+00 6.550830000000000000e+05 2.453077039794569758e-01
2.431600000000000000e+04 5.467042742195349532e-04 7.587964758455851388e+00 6.548330000000000000e+05 2.501771314358230969e-01
2.431700000000000000e+04 5.165368192946389160e-04 7.680023600752269530e+00 6.543580000000000000e+05 2.540520454253226146e-01
2.431700000000000000e+04 5.103007413111356220e-04 7.663853305969890783e+00 6.545160000000000000e+05 2.489015813023222334e-01
2.431800000000000000e+04 5.827532708757117083e-04 7.608193640919794554e+00 6.503610000000000000e+05 2.501610487118945403e-01
2.431800000000000000e+04 5.367325374604150915e-04 7.707060401856944409e+00 6.539570000000000000e+05 2.511406490516306933e-01
2.431900000000000000e+04 5.068873898362193228e-04 7.681889327482017471e+00 6.530050000000000000e+05 2.569129182412565049e-01
2.431900000000000000e+04 5.174229871321833069e-04 7.694360938372803105e+00 6.493720000000000000e+05 2.576587885569014968e-01
2.432000000000000000e+04 5.258824629697485611e-04 7.693557878187979426e+00 6.522370000000000000e+05 2.503890927289485480e-01
2.432000000000000000e+04 5.644379547713405379e-04 7.623906342534210623e+00 6.519760000000000000e+05 2.336222453731851278e-01
2.432100000000000000e+04 5.498831306883828927e-04 7.788109650446433108e+00 6.528660000000000000e+05 2.465990040105716652e-01
2.432100000000000000e+04 5.939080685557144700e-04 7.693864090529507926e+00 6.516160000000000000e+05 2.472078233184947516e-01
2.432200000000000000e+04 5.609461905469842165e-04 7.718465870351983504e+00 6.524690000000000000e+05 2.495228443009734898e-01
2.432200000000000000e+04 5.457720297967008378e-04 7.631040238976792622e+00 6.522870000000000000e+05 2.416976499480988083e-01
2.432300000000000000e+04 5.434348768521318936e-04 7.800861052025918951e+00 6.514120000000000000e+05 2.476324053262461133e-01
2.432300000000000000e+04 5.230743271745531831e-04 7.814940791426998601e+00 6.519150000000000000e+05 2.458624362867552759e-01
2.432400000000000000e+04 5.762865019870342612e-04 7.787954957505538012e+00 6.507180000000000000e+05 2.459876109970986768e-01
2.432400000000000000e+04 5.362515250132912636e-04 7.813720973152531002e+00 6.508140000000000000e+05 2.466069040293662473e-01
2.432500000000000000e+04 5.549995310945785021e-04 7.881508108748404240e+00 6.504510000000000000e+05 2.498187007382119684e-01
2.432500000000000000e+04 5.964505046002047161e-04 7.910809715825730670e+00 6.505150000000000000e+05 2.471600886834925404e-01
2.432600000000000000e+04 5.227656764357226614e-04 7.865188926335973996e+00 6.503870000000000000e+05 2.504774420763978271e-01
2.432600000000000000e+04 5.507268671640653526e-04 7.898183179656593111e+00 6.500500000000000000e+05 2.468845845748302292e-01
2.432700000000000000e+04 5.386529674391971447e-04 7.884641082365141607e+00 6.497690000000000000e+05 2.424839162893022149e-01
2.432700000000000000e+04 5.620001662904593751e-04 7.945584853485396337e+00 6.494660000000000000e+05 2.477317556591221159e-01
2.432800000000000000e+04 5.578087055139846050e-04 8.021450235713595944e+00 6.489680000000000000e+05 2.474433179849307440e-01
2.432800000000000000e+04 5.824022088143044826e-04 7.825139439253229412e+00 6.490360000000000000e+05 2.356190773632366176e-01
2.432900000000000000e+04 6.044690618239246171e-04 7.930611996364286043e+00 6.485030000000000000e+05 2.473135677839271573e-01
2.432900000000000000e+04 5.472171311332616004e-04 7.852907668921512041e+00 6.487370000000000000e+05 2.521908865400464550e-01
2.433000000000000000e+04 5.846021681452285733e-04 7.791172437898132408e+00 6.448830000000000000e+05 2.479990862163826415e-01
2.433000000000000000e+04 5.583739902608465507e-04 7.793159777201003280e+00 6.483110000000000000e+05 2.575168942106999537e-01
2.433100000000000000e+04 5.419476765730379172e-04 7.896864115979162158e+00 6.476640000000000000e+05 2.515433740432262977e-01
2.433100000000000000e+04 5.915414210276770304e-04 7.836066766569864228e+00 6.474610000000000000e+05 2.564546281393436100e-01
2.433200000000000000e+04 6.024077775477999167e-04 7.831652084620394305e+00 6.474020000000000000e+05 2.486782527110805718e-01
2.433200000000000000e+04 5.422180890751561238e-04 7.978922758525659908e+00 6.473410000000000000e+05 2.476144583911175090e-01
2.433300000000000000e+04 6.217991650567419567e-04 7.889747830511994131e+00 6.465110000000000000e+05 2.460455466505008792e-01
2.433300000000000000e+04 5.803605973845070215e-04 7.849873556034463462e+00 6.461500000000000000e+05 2.400859807461859785e-01
2.433400000000000000e+04 5.913944368670962870e-04 8.008986675205742145e+00 6.459310000000000000e+05 2.506439713775166500e-01
2.433400000000000000e+04 6.053906085491675762e-04 7.969031957831629320e+00 6.458640000000000000e+05 2.480305359502556761e-01
2.433500000000000000e+04 5.472113150278486724e-04 7.813547287267763153e+00 6.450890000000000000e+05 2.600431571726389834e-01
2.433500000000000000e+04 5.873410188739483159e-04 7.879738673330781040e+00 6.452810000000000000e+05 2.473162785216055926e-01
2.433600000000000000e+04 5.970334416264141096e-04 7.843943936428112274e+00 6.448550000000000000e+05 2.517106421399818439e-01
2.433600000000000000e+04 6.159918943535101733e-04 7.764737851953537273e+00 6.444890000000000000e+05 2.450863972546196423e-01
2.433700000000000000e+04 5.697811077973064528e-04 7.824633176384862665e+00 6.441070000000000000e+05 2.421149727508122573e-01
2.433700000000000000e+04 6.210640068565469619e-04 7.805304337526203007e+00 6.440560000000000000e+05 2.651729923165249692e-01
2.433800000000000000e+04 6.289532819714018690e-04 7.795531623290353984e+00 6.439270000000000000e+05 2.498625590933763463e-01
2.433800000000000000e+04 5.992397146120873866e-04 7.820423648780027825e+00 6.408120000000000000e+05 2.539738709306061382e-01
2.433900000000000000e+04 6.364357098290962999e-04 8.054147171537852756e+00 6.394990000000000000e+05 2.449289117596012144e-01
2.433900000000000000e+04 6.009914802451302770e-04 8.111597983604779571e+00 6.422720000000000000e+05 2.516192444238096182e-01
2.434000000000000000e+04 6.359230752362810078e-04 7.961013076798263199e+00 6.384420000000000000e+05 2.617575587604094034e-01
2.434000000000000000e+04 5.795757505505988103e-04 7.956726020601039728e+00 6.383980000000000000e+05 2.492516357955461004e-01
2.434100000000000000e+04 6.503045671030109132e-04 7.942530118431156083e+00 6.412380000000000000e+05 2.509047117400904359e-01
2.434100000000000000e+04 6.536224319456802575e-04 8.091418114504342896e+00 6.379830000000000000e+05 2.438571535563848758e-01
2.434200000000000000e+04 6.024710727593642198e-04 8.101389104640897898e+00 6.373750000000000000e+05 2.385585799531045603e-01
2.434200000000000000e+04 6.210420332539784904e-04 7.981299966313217809e+00 6.376380000000000000e+05 2.527092915707703225e-01
2.434300000000000000e+04 6.576272995374640978e-04 8.027809666810744815e+00 6.371390000000000000e+05 2.454209729901920545e-01
2.434300000000000000e+04 6.073351014579177762e-04 7.996464016709709632e+00 6.372100000000000000e+05 2.492896576371556039e-01
2.434400000000000000e+04 6.267179769103908490e-04 8.028487263186050882e+00 6.366500000000000000e+05 2.548295710198792974e-01
2.434400000000000000e+04 6.457776199559464364e-04 8.023970896834955013e+00 6.364420000000000000e+05 2.453013822329052351e-01
2.434500000000000000e+04 7.414800191470810381e-04 8.043566080896935588e+00 6.392620000000000000e+05 2.429891278710177294e-01
2.434500000000000000e+04 6.570497527459226049e-04 8.057222741886738149e+00 6.392210000000000000e+05 2.335299380287062521e-01
2.434600000000000000e+04 7.344144415005203529e-04 7.984196969826650836e+00 6.386040000000000000e+05 2.451377460851479340e-01
2.434600000000000000e+04 6.748388450391518047e-04 8.146927515619557525e+00 6.386710000000000000e+05 2.569698518939251275e-01
2.434700000000000000e+04 7.521330021858822160e-04 8.076999884553799802e+00 6.381850000000000000e+05 2.446622413105278282e-01
2.434700000000000000e+04 6.549568323905919417e-04 8.090389903526274296e+00 6.382100000000000000e+05 2.538294810821796754e-01
2.434800000000000000e+04 6.895633026947838680e-04 8.169048777663718397e+00 6.380850000000000000e+05 2.556327799270953771e-01
2.434800000000000000e+04 7.211365111415594595e-04 8.032567217459245512e+00 6.378820000000000000e+05 2.408287437516337670e-01
2.434900000000000000e+04 7.324823780738368975e-04 8.059270844945633172e+00 6.375580000000000000e+05 2.509558341429095063e-01
2.434900000000000000e+04 7.890121818461263330e-04 8.118467079375953688e+00 6.375060000000000000e+05 2.531852469027647268e-01
2.435000000000000000e+04 7.697063759447826756e-04 8.097507618881435221e+00 6.340080000000000000e+05 2.509092710796476666e-01
2.435000000000000000e+04 7.204520483440557616e-04 8.049461635840865270e+00 6.371000000000000000e+05 2.476347467645183820e-01
2.435100000000000000e+04 8.432653903874079990e-04 8.079238380380346030e+00 6.296950000000000000e+05 2.483713505244600772e-01
2.435100000000000000e+04 7.357712730264046258e-04 8.186977551026172861e+00 6.333490000000000000e+05 2.575545552163917562e-01
2.435200000000000000e+04 8.634125397696630275e-04 8.060853076378908355e+00 6.358490000000000000e+05 2.533620045168341606e-01
2.435200000000000000e+04 7.608472136541245996e-04 8.009627251155471583e+00 6.321900000000000000e+05 2.450858751674050151e-01
2.435300000000000000e+04 8.188396097914321095e-04 8.046752798079014113e+00 6.350450000000000000e+05 2.544719163304220433e-01
2.435300000000000000e+04 8.898086202769265717e-04 8.058001643485374288e+00 6.349680000000000000e+05 2.469070873846612446e-01
2.435400000000000000e+04 9.579696743219793609e-04 7.966826608451146541e+00 6.315440000000000000e+05 2.447783618532977101e-01
2.435400000000000000e+04 9.247660628363393647e-04 7.906585662386520497e+00 6.282670000000000000e+05 2.531019529686218683e-01
2.435500000000000000e+04 1.022128772451737742e-03 7.809892742311006941e+00 6.339710000000000000e+05 2.418337737236107010e-01
2.435500000000000000e+04 1.020641038644895960e-03 7.844124502442211266e+00 6.309760000000000000e+05 2.452032898763046032e-01
2.435600000000000000e+04 1.158992394012777448e-03 7.717489684326634958e+00 6.272690000000000000e+05 2.456618098441993026e-01
2.435600000000000000e+04 1.045288394430657092e-03 7.903219240187607575e+00 6.275780000000000000e+05 2.461774799415386294e-01
2.435700000000000000e+04 1.212833292273876942e-03 7.653632612751465558e+00 6.332280000000000000e+05 2.403594729849584388e-01
2.435700000000000000e+04 1.271357449245402249e-03 7.628829552298228123e+00 6.268890000000000000e+05 2.458353526917901322e-01
2.435800000000000000e+04 1.267551318443030199e-03 7.423609194720590665e+00 6.327160000000000000e+05 2.429372130443026023e-01
2.435800000000000000e+04 1.309370783466803391e-03 7.406269797590518067e+00 6.262550000000000000e+05 2.502151209442910473e-01
2.435900000000000000e+04 1.518587189166663732e-03 7.158474474263612386e+00 6.288740000000000000e+05 2.528511768736602661e-01
2.435900000000000000e+04 1.572422038711154694e-03 7.159099260485852767e+00 6.289660000000000000e+05 2.423283975258114231e-01
2.436000000000000000e+04 1.766866009477406673e-03 6.869320694663102245e+00 6.282310000000000000e+05 2.499477710682855014e-01
2.436000000000000000e+04 1.596251752614396072e-03 6.980580189584447481e+00 6.283470000000000000e+05 2.445812363292119429e-01
2.436100000000000000e+04 1.840468215113923471e-03 6.668063852764103849e+00 6.248410000000000000e+05 2.405378811946170259e-01
2.436100000000000000e+04 1.868319324920321781e-03 6.711139666522314862e+00 6.278370000000000000e+05 2.426977135726912094e-01
2.436200000000000000e+04 2.056113228193470234e-03 6.350256900687022643e+00 6.269110000000000000e+05 2.393554696655005587e-01
2.436200000000000000e+04 1.952066979296549582e-03 6.401481530730863234e+00 6.239540000000000000e+05 2.519618376123166081e-01
2.436300000000000000e+04 2.106994934553275967e-03 6.220293168201430412e+00 6.236370000000000000e+05 2.315666814924152161e-01
2.436300000000000000e+04 2.141877861888785099e-03 6.246403564022646293e+00 6.265530000000000000e+05 2.427780020808833483e-01
2.436400000000000000e+04 2.362165712797086817e-03 5.951331102177315202e+00 6.256970000000000000e+05 2.536802711756140360e-01
2.436400000000000000e+04 2.324483813694552727e-03 6.020289445763717495e+00 6.229340000000000000e+05 2.453008897920138653e-01
2.436500000000000000e+04 2.379226140621914197e-03 5.912041518248855709e+00 6.220510000000000000e+05 2.416181768969830335e-01
2.436500000000000000e+04 2.509333594990335089e-03 5.777500578879611659e+00 6.216790000000000000e+05 2.489802424988413199e-01
2.436600000000000000e+04 2.530699429908016274e-03 5.676464549839250751e+00 6.207770000000000000e+05 2.419537108570822825e-01
2.436600000000000000e+04 2.489606613317965535e-03 5.672873913123820167e+00 6.241950000000000000e+05 2.615148382906831714e-01
2.436700000000000000e+04 2.569724326938578000e-03 5.511457481739721942e+00 6.203000000000000000e+05 2.389160570756535540e-01
2.436700000000000000e+04 2.711208949073845229e-03 5.576737520819174954e+00 6.237070000000000000e+05 2.533284263903367584e-01
2.436800000000000000e+04 2.869820240787276759e-03 5.425132458032800642e+00 6.195510000000000000e+05 2.412985407479999733e-01
2.436800000000000000e+04 2.709487701365667807e-03 5.428580837797393421e+00 6.229960000000000000e+05 2.418590351505923719e-01
2.436900000000000000e+04 2.979466749376056926e-03 5.249591759066155383e+00 6.222590000000000000e+05 2.464139753880999206e-01
2.436900000000000000e+04 2.814399780402532074e-03 5.308223714584690889e+00 6.193150000000000000e+05 2.464020783874066867e-01
2.437000000000000000e+04 2.975574749799568715e-03 5.215124216115651024e+00 6.187040000000000000e+05 2.474367503540908508e-01
2.437000000000000000e+04 2.999586263963577824e-03 5.215054017095040351e+00 6.187520000000000000e+05 2.367796990881957941e-01
2.437100000000000000e+04 3.124196513901209872e-03 5.172657895313486520e+00 6.183990000000000000e+05 2.415696013316586399e-01
2.437100000000000000e+04 3.179174385400064182e-03 5.142657561168676672e+00 6.180850000000000000e+05 2.450885088728682881e-01
2.437200000000000000e+04 3.238883350271310781e-03 4.996588611205154074e+00 6.208930000000000000e+05 2.558343712585250951e-01
2.437200000000000000e+04 3.328293392202417642e-03 5.052563297216373428e+00 6.210390000000000000e+05 2.481917397967015326e-01
2.437300000000000000e+04 3.237928632748603673e-03 4.842607445208320982e+00 6.173700000000000000e+05 2.413517366751626314e-01
2.437300000000000000e+04 3.261878796815577235e-03 4.869630473882245347e+00 6.171290000000000000e+05 2.395004119815846710e-01
2.437400000000000000e+04 3.385054853127838961e-03 4.840252069132796819e+00 6.168290000000000000e+05 2.401139299362283763e-01
2.437400000000000000e+04 3.421838431119366732e-03 4.781152774510948333e+00 6.195500000000000000e+05 2.501062841735851028e-01
2.437500000000000000e+04 3.360621122047893761e-03 4.663480566712562947e+00 6.156600000000000000e+05 2.530502005779246000e-01
2.437500000000000000e+04 3.516491326688012641e-03 4.741939082800579186e+00 6.190830000000000000e+05 2.419766271926875878e-01
2.437600000000000000e+04 3.451285947527523573e-03 4.619226380099782148e+00 6.186100000000000000e+05 2.445099373188938108e-01
2.437600000000000000e+04 3.582365986206660722e-03 4.669309237009025004e+00 6.155150000000000000e+05 2.445312724146209427e-01
2.437700000000000000e+04 3.513698896064394121e-03 4.569199286150400496e+00 6.181520000000000000e+05 2.520936119292989108e-01
2.437700000000000000e+04 3.551398525779351362e-03 4.620308153367839843e+00 6.149690000000000000e+05 2.352951328387681562e-01
2.437800000000000000e+04 3.545181952925058420e-03 4.579010412120289253e+00 6.146370000000000000e+05 2.456927543438228445e-01
2.437800000000000000e+04 3.540118101059286457e-03 4.625903401826016115e+00 6.177760000000000000e+05 2.491606733317030253e-01
2.437900000000000000e+04 3.598933433492596326e-03 4.539920165188862100e+00 6.176830000000000000e+05 2.557833051695616033e-01
2.437900000000000000e+04 3.580175591339238537e-03 4.534686610591957212e+00 6.144950000000000000e+05 2.489759960182622578e-01
2.438000000000000000e+04 3.623029041249426017e-03 4.523402763493496792e+00 6.138510000000000000e+05 2.427225011237989505e-01
2.438000000000000000e+04 3.652749414550417271e-03 4.588693839411591924e+00 6.140580000000000000e+05 2.444376966041968968e-01
2.438100000000000000e+04 3.472188245117884507e-03 4.555293296690745564e+00 6.131580000000000000e+05 2.356786576372547626e-01
2.438100000000000000e+04 3.463525360050088119e-03 4.527139172143557211e+00 6.132480000000000000e+05 2.476871197582626860e-01
2.438200000000000000e+04 3.630202501313985891e-03 4.554632320987129113e+00 6.126380000000000000e+05 2.464781194020271016e-01
2.438200000000000000e+04 3.658524639943053214e-03 4.527505848523665222e+00 6.125420000000000000e+05 2.461766436623512855e-01
2.438300000000000000e+04 3.816880756613707376e-03 4.502689282409689575e+00 6.151620000000000000e+05 2.484874597520281281e-01
2.438300000000000000e+04 3.751266215730482585e-03 4.581274519455179828e+00 6.120600000000000000e+05 2.356078941819901573e-01
2.438400000000000000e+04 3.710311198468129942e-03 4.524016706584057523e+00 6.115390000000000000e+05 2.562415717424298411e-01
2.438400000000000000e+04 3.818809270421072086e-03 4.517479360849429249e+00 6.117090000000000000e+05 2.584504945741903925e-01
2.438500000000000000e+04 3.879342785993136061e-03 4.436579001250557042e+00 6.111860000000000000e+05 2.375648940446401236e-01
2.438500000000000000e+04 3.750149367581740584e-03 4.358254931763376305e+00 6.109090000000000000e+05 2.458580359755295486e-01
2.438600000000000000e+04 3.834730013393708621e-03 4.369257148712582861e+00 6.107340000000000000e+05 2.495312472476773347e-01
2.438600000000000000e+04 3.955345200460379067e-03 4.402595367680974370e+00 6.108190000000000000e+05 2.500105952439063972e-01
2.438700000000000000e+04 3.941175699415293797e-03 4.284365919323259497e+00 6.102240000000000000e+05 2.343463791090318882e-01
2.438700000000000000e+04 4.152668753379980780e-03 4.294056496427481662e+00 6.102100000000000000e+05 2.476140633929209967e-01
2.438800000000000000e+04 4.074745758820974215e-03 4.291836676629816161e+00 6.098540000000000000e+05 2.446457846928125068e-01
2.438800000000000000e+04 4.126991408518081335e-03 4.310948562064210954e+00 6.103720000000000000e+05 2.578712720442688511e-01
2.438900000000000000e+04 3.997337294599499422e-03 4.202210273057263024e+00 6.099060000000000000e+05 2.466139515535553939e-01
2.438900000000000000e+04 4.021993018922390313e-03 4.140539830452397929e+00 6.096480000000000000e+05 2.581798982163243106e-01
2.439000000000000000e+04 4.175906790608805916e-03 4.137956648251585712e+00 6.092090000000000000e+05 2.503186572422086420e-01
2.439000000000000000e+04 4.078597947078347816e-03 4.135521637294659492e+00 6.092780000000000000e+05 2.542447908019110359e-01
2.439100000000000000e+04 4.215283483976993255e-03 4.132578188093763316e+00 6.085000000000000000e+05 2.471777967575747303e-01
2.439100000000000000e+04 4.232609495767401982e-03 4.184205974585947452e+00 6.086080000000000000e+05 2.401843505571258086e-01
2.439200000000000000e+04 4.304125280319323101e-03 4.163334678222587293e+00 6.077890000000000000e+05 2.388998001821424910e-01
2.439200000000000000e+04 4.297247096643638103e-03 4.211964273843014972e+00 6.078310000000000000e+05 2.318256040119978378e-01
2.439300000000000000e+04 4.187145479842246422e-03 4.052269026226160697e+00 6.073350000000000000e+05 2.512591112638936641e-01
2.439300000000000000e+04 4.363089350342396269e-03 4.090906984660660939e+00 6.075970000000000000e+05 2.457187830764336056e-01
2.439400000000000000e+04 4.243703224127176599e-03 4.018581778473596877e+00 6.070170000000000000e+05 2.433433955932059467e-01
2.439400000000000000e+04 4.301160324515130966e-03 4.011101551842607194e+00 6.068130000000000000e+05 2.521560947738597513e-01
2.439500000000000000e+04 4.387664413749671130e-03 4.009984853124391790e+00 6.064730000000000000e+05 2.339650243260328610e-01
2.439500000000000000e+04 4.449771493764709610e-03 4.040116568766195293e+00 6.065480000000000000e+05 2.467890218209678743e-01
2.439600000000000000e+04 4.396260621547113182e-03 4.026551829411802785e+00 6.061970000000000000e+05 2.479374236227055162e-01
2.439600000000000000e+04 4.202110459245966996e-03 4.045901614756160392e+00 6.061240000000000000e+05 2.364315898118710124e-01
2.439700000000000000e+04 4.302904667123659890e-03 3.998364253272873814e+00 6.054050000000000000e+05 2.475999775183006790e-01
2.439700000000000000e+04 4.286429280524087920e-03 4.109984729753448640e+00 6.053990000000000000e+05 2.408272740819188407e-01
2.439800000000000000e+04 4.143591641443837570e-03 3.898001277057688618e+00 6.052720000000000000e+05 2.465051056087607106e-01
2.439800000000000000e+04 4.201937550913189406e-03 4.064087205725873453e+00 6.051970000000000000e+05 2.419349105587980386e-01
2.439900000000000000e+04 4.324284979313238429e-03 4.038507093630594902e+00 6.044930000000000000e+05 2.481575905424791839e-01
2.439900000000000000e+04 4.322859539325104618e-03 3.986527095970413104e+00 6.044610000000000000e+05 2.453673249586180716e-01
2.440000000000000000e+04 4.167790376193129809e-03 4.106950659856791752e+00 6.043970000000000000e+05 2.503444956591872606e-01
2.440200000000000000e+04 4.233000511735970223e-03 4.249825996303315812e+00 6.038270000000000000e+05 2.383326556024338849e-01
2.440400000000000000e+04 4.024911385695834586e-03 4.300231784033527127e+00 6.037400000000000000e+05 2.345336794666300351e-01
2.440600000000000000e+04 4.063747132837463617e-03 4.379163433198598909e+00 6.033840000000000000e+05 2.354851293148154390e-01
2.440800000000000000e+04 3.787451474833274101e-03 4.429098499869696504e+00 6.027800000000000000e+05 2.493257879769226193e-01
2.441000000000000000e+04 3.699497213753906010e-03 4.619796008425609557e+00 6.022440000000000000e+05 2.440682950352043301e-01
2.441200000000000000e+04 3.852159468438545731e-03 4.485339646041796691e+00 6.020000000000000000e+05 2.375421186145139640e-01
2.441400000000000000e+04 3.879710691552215856e-03 4.677672812427837279e+00 6.018490000000000000e+05 2.427534355948778311e-01
2.441600000000000000e+04 3.861953852727063440e-03 4.506373850455316799e+00 6.015090000000000000e+05 2.586474692474292070e-01
2.441800000000000000e+04 3.927704953198458276e-03 4.516586578530311868e+00 6.013690000000000000e+05 2.391424408775504884e-01
2.442000000000000000e+04 4.131509456880377504e-03 4.580640686010945650e+00 6.009910000000000000e+05 2.452443580012195201e-01
2.442200000000000000e+04 3.921150737026475423e-03 4.611212866377597308e+00 6.005890000000000000e+05 2.480838372470636488e-01
2.442400000000000000e+04 4.044779103085234008e-03 4.465541724784645616e+00 6.002800000000000000e+05 2.318883416053142688e-01
2.442600000000000000e+04 3.958650025335351194e-03 4.445517212912378113e+00 5.999520000000000000e+05 2.372088906608145475e-01
2.442800000000000000e+04 4.065691701451100079e-03 4.373622714562474201e+00 5.994060000000000000e+05 2.471010139122965521e-01
2.443000000000000000e+04 4.134673165520456883e-03 4.442224208378783956e+00 5.990800000000000000e+05 2.512553425856043909e-01
2.443200000000000000e+04 4.238596772389526326e-03 4.356341840708975788e+00 5.990190000000000000e+05 2.460775751273482914e-01
2.443400000000000000e+04 4.041692901484561853e-03 4.274651800326926043e+00 5.987590000000000000e+05 2.523543865136701481e-01
2.443600000000000000e+04 4.051931559951879938e-03 4.232855451451468909e+00 5.984800000000000000e+05 2.371257851844682796e-01
2.443800000000000000e+04 4.175389781080483115e-03 4.093769956201631643e+00 5.980280000000000000e+05 2.429693176306676194e-01
2.444000000000000000e+04 4.314395700320063608e-03 4.164259247031552036e+00 5.979980000000000000e+05 2.469695201806004492e-01
2.444200000000000000e+04 4.126568171207401284e-03 4.136908473670006359e+00 5.975910000000000000e+05 2.449903452290616568e-01
2.444400000000000000e+04 4.257229083138220661e-03 4.204724327791472760e+00 5.971020000000000000e+05 2.314838885488402220e-01
2.444600000000000000e+04 4.371612168128610407e-03 4.156547627657324995e+00 5.968050000000000000e+05 2.453155322938223026e-01
2.444800000000000000e+04 4.249360667421289879e-03 4.208365719673431649e+00 5.963250000000000000e+05 2.470013635756020953e-01
2.445000000000000000e+04 4.173154884957181419e-03 4.119598618453831129e+00 5.959520000000000000e+05 2.489614064810795058e-01
2.445200000000000000e+04 4.382880077619445182e-03 4.155222384836889660e+00 5.957270000000000000e+05 2.465558690789119434e-01
2.445400000000000000e+04 4.273877456429956041e-03 4.100727137567512059e+00 5.954780000000000000e+05 2.505438532916458017e-01
2.445600000000000000e+04 4.296459032473714558e-03 4.162982037474987962e+00 5.953740000000000000e+05 2.394582119607615578e-01
2.445800000000000000e+04 4.246138232215203659e-03 4.095220511478792069e+00 5.951290000000000000e+05 2.485191806932552927e-01
2.446000000000000000e+04 4.333652602039961624e-03 4.118421617558289505e+00 5.951100000000000000e+05 2.408220179330616550e-01
2.446200000000000000e+04 4.088831202893127015e-03 4.206466472540000723e+00 5.947910000000000000e+05 2.310438182381964745e-01
2.446400000000000000e+04 3.984412332833030777e-03 4.146730572137931503e+00 5.943160000000000000e+05 2.451644022409669443e-01
2.446600000000000000e+04 4.056183786040944671e-03 4.265997996061955178e+00 5.939080000000000000e+05 2.512181084962030742e-01
2.446800000000000000e+04 3.979950347466674684e-03 4.260174946185947498e+00 5.937260000000000000e+05 2.433549834608063345e-01
2.447000000000000000e+04 4.034636528796915408e-03 4.234048702708113510e+00 5.933620000000000000e+05 2.494153746575570874e-01
2.447200000000000000e+04 4.183768798292098259e-03 4.368963479221752877e+00 5.930060000000000000e+05 2.495337401540042022e-01
2.447400000000000000e+04 4.140563177333869693e-03 4.405499205571326016e+00 5.926730000000000000e+05 2.436386190270816154e-01
2.447600000000000000e+04 4.023462034591984010e-03 4.414223519008495522e+00 5.922760000000000000e+05 2.554596270837781735e-01
2.447800000000000000e+04 4.169029966070388928e-03 4.358072726245246997e+00 5.888660000000000000e+05 2.594041788023766504e-01
2.448000000000000000e+04 4.119022517773629488e-03 4.317208355222377669e+00 5.918880000000000000e+05 2.497562205967595594e-01
2.448200000000000000e+04 4.101542920930616176e-03 4.366956280136210289e+00 5.885590000000000000e+05 2.369987788707210996e-01
2.448400000000000000e+04 4.173988340569031313e-03 4.297822689183105282e+00 5.912810000000000000e+05 2.398382865353466953e-01
2.448600000000000000e+04 4.081881320823686071e-03 4.340682343413765132e+00 5.909040000000000000e+05 2.505028729227891660e-01
2.448800000000000000e+04 4.150140124657350493e-03 4.257192249571674303e+00 5.876910000000000000e+05 2.556033554310938039e-01
2.449000000000000000e+04 4.193025583754960567e-03 4.311431068297109093e+00 5.874040000000000000e+05 2.514358521376679478e-01
2.449200000000000000e+04 4.128466148791688078e-03 4.330444273587772841e+00 5.871430000000000000e+05 2.487932010317330245e-01
2.449400000000000000e+04 4.255946880357023426e-03 4.239535557200945881e+00 5.897630000000000000e+05 2.516710558135439868e-01
2.449600000000000000e+04 4.201351116324918318e-03 4.351714949793387355e+00 5.864780000000000000e+05 2.433093238193039798e-01
2.449800000000000000e+04 4.309712628975862977e-03 4.314272252418217768e+00 5.863500000000000000e+05 2.471129381558083427e-01
2.450000000000000000e+04 4.277908790274963929e-03 4.488805781656620475e+00 5.860340000000000000e+05 2.503840366774405801e-01
2.450200000000000000e+04 4.198443813429194281e-03 4.514567678377951587e+00 5.828350000000000000e+05 2.544479581291294590e-01
2.450400000000000000e+04 4.384918625864337588e-03 4.397567520077022785e+00 5.826790000000000000e+05 2.402145107901250687e-01
2.450600000000000000e+04 4.324916429016598986e-03 4.476916955677499921e+00 5.824390000000000000e+05 2.458416415161321089e-01
2.450800000000000000e+04 4.495474464090310623e-03 4.473508044226507607e+00 5.821410000000000000e+05 2.482656127383046085e-01
2.451000000000000000e+04 4.229753619428690790e-03 4.440072792735152873e+00 5.820670000000000000e+05 2.591718272031781622e-01
2.451200000000000000e+04 4.224291481270073083e-03 4.394632078885990722e+00 5.816360000000000000e+05 2.492079823527467708e-01
2.451400000000000000e+04 4.275172496447350069e-03 4.393791683193670750e+00 5.840700000000000000e+05 2.395348504134735546e-01
2.451600000000000000e+04 4.377159499211603737e-03 4.538622179030451065e+00 5.802850000000000000e+05 2.468836297372764554e-01
2.451800000000000000e+04 4.356355762732898665e-03 4.463108681880176398e+00 5.800720000000000000e+05 2.433262186566146901e-01
2.452000000000000000e+04 4.353585671114554648e-03 4.433882822381442601e+00 5.797520000000000000e+05 2.534523512525335698e-01
2.452200000000000000e+04 4.412729092603475886e-03 4.437245311608933207e+00 5.794600000000000000e+05 2.477266852164954070e-01
2.452400000000000000e+04 4.315248586502600653e-03 4.383209440176041305e+00 5.818900000000000000e+05 2.442349002980417627e-01
2.452600000000000000e+04 4.377747974449025352e-03 4.326047173635833687e+00 5.786080000000000000e+05 2.446388180006465740e-01
2.452800000000000000e+04 4.520371936341262796e-03 4.386428523098520493e+00 5.782710000000000000e+05 2.493072756434187298e-01
2.453000000000000000e+04 4.316870398726577358e-03 4.348350876269684306e+00 5.779650000000000000e+05 2.504130622953403829e-01
2.453200000000000000e+04 4.321434383797378292e-03 4.339314306109142372e+00 5.775860000000000000e+05 2.556170364997592537e-01
2.453400000000000000e+04 4.463125954714082175e-03 4.320676631880164820e+00 5.773980000000000000e+05 2.423957454198971684e-01
2.453600000000000000e+04 4.306027745720827568e-03 4.339710846836354996e+00 5.770980000000000000e+05 2.554284781240396263e-01
2.453800000000000000e+04 4.490703896162451941e-03 4.407072319305100905e+00 5.767470000000000000e+05 2.466838976883983792e-01
2.454000000000000000e+04 4.406968529835996080e-03 4.326260165837843452e+00 5.761330000000000000e+05 2.451785890741476071e-01
2.454200000000000000e+04 4.430196189440803282e-03 4.337950370805265798e+00 5.758210000000000000e+05 2.546226753970023959e-01
2.454400000000000000e+04 4.292688011396207995e-03 4.391939642899863827e+00 5.756300000000000000e+05 2.435683063833641027e-01
2.454600000000000000e+04 4.363951087598798469e-03 4.373082429842136243e+00 5.753960000000000000e+05 2.362247607499173563e-01
2.454800000000000000e+04 4.305428038839263435e-03 4.479803413391659106e+00 5.750880000000000000e+05 2.458271455175217723e-01
2.455000000000000000e+04 4.488416232757443808e-03 4.614181761883442867e+00 5.748130000000000000e+05 2.481985959341040660e-01
2.455200000000000000e+04 4.322876950343503347e-03 4.486955867170813406e+00 5.743860000000000000e+05 2.392296996063845993e-01
2.455400000000000000e+04 4.210885906952655487e-03 4.512544159897272422e+00 5.737510000000000000e+05 2.472753963306426050e-01
2.455600000000000000e+04 4.229442919954394704e-03 4.399499684682058209e+00 5.735980000000000000e+05 2.421621758236744137e-01
2.455800000000000000e+04 4.325900807792200896e-03 4.534912549200730503e+00 5.732910000000000000e+05 2.495009870338625591e-01
2.456000000000000000e+04 4.118363260222642798e-03 4.535451266820204275e+00 5.732860000000000000e+05 2.563126864383268311e-01
2.456200000000000000e+04 4.280472178676554898e-03 4.561924320014005829e+00 5.728340000000000000e+05 2.449201653366140652e-01
2.456400000000000000e+04 4.275042278718073525e-03 4.588774980370075696e+00 5.723920000000000000e+05 2.379544511826547082e-01
2.456600000000000000e+04 4.169927607121898250e-03 4.528026826685250583e+00 5.724320000000000000e+05 2.464271965535129449e-01
2.456800000000000000e+04 4.222285137066978528e-03 4.513922996926887699e+00 5.722020000000000000e+05 2.553846551279486121e-01
2.457000000000000000e+04 4.202937857061618196e-03 4.546035193608836344e+00 5.715050000000000000e+05 2.446378518807750257e-01
2.457200000000000000e+04 4.227326080482125305e-03 4.504726896895478561e+00 5.708100000000000000e+05 2.371278723112892617e-01
2.457400000000000000e+04 4.240925190850414889e-03 4.566400642359585760e+00 5.708660000000000000e+05 2.344643412974292407e-01
2.457600000000000000e+04 4.308901615750456229e-03 4.607105618343109832e+00 5.704470000000000000e+05 2.493859500353330927e-01
2.457800000000000000e+04 4.339401979437588000e-03 4.487188045973547368e+00 5.728900000000000000e+05 2.374448410420998967e-01
2.458000000000000000e+04 4.560871305483583937e-03 4.559220981543592899e+00 5.696280000000000000e+05 2.540793119839248604e-01
2.458200000000000000e+04 4.418639775485332447e-03 4.517350487668197800e+00 5.694060000000000000e+05 2.373788530648354989e-01
2.458400000000000000e+04 4.319840346852098396e-03 4.512771932449024526e+00 5.692340000000000000e+05 2.535519141821160338e-01
2.458600000000000000e+04 4.117396260234772697e-03 4.458529593023806470e+00 5.746350000000000000e+05 2.444581275527565323e-01
2.458800000000000000e+04 4.382299479765167788e-03 4.508925127632156915e+00 5.743560000000000000e+05 2.465814379029939996e-01
2.459000000000000000e+04 4.241785244373180198e-03 4.482974471069357314e+00 5.738150000000000000e+05 2.490848852868248198e-01
2.459200000000000000e+04 4.266147350207616026e-03 4.509896287418957428e+00 5.710070000000000000e+05 2.391138169723076856e-01
2.459400000000000000e+04 4.318177034734826426e-03 4.396751086902212613e+00 5.701480000000000000e+05 2.427315219430671023e-01
2.459600000000000000e+04 4.245029741358265565e-03 4.424299188174914299e+00 5.736120000000000000e+05 2.576563716433131757e-01
2.459800000000000000e+04 4.334496062483762270e-03 4.450731008987483861e+00 5.730770000000000000e+05 2.357069580781148144e-01
2.460000000000000000e+04 4.499342822196990971e-03 4.415883120247602101e+00 5.698610000000000000e+05 2.456485194450546694e-01
2.460200000000000000e+04 4.229310102571304762e-03 4.519685716176865320e+00 5.693600000000000000e+05 2.401639031673447333e-01
2.460400000000000000e+04 4.520005438131542014e-03 4.609320160448674208e+00 5.663710000000000000e+05 2.468382858503538058e-01
2.460600000000000000e+04 4.539772237763114830e-03 4.587118884264764773e+00 5.687510000000000000e+05 2.554295016071061464e-01
2.460800000000000000e+04 4.501009119910194013e-03 4.436148236900688602e+00 5.683170000000000000e+05 2.478260885568126237e-01
2.461000000000000000e+04 4.435097465046871495e-03 4.528249278696743652e+00 6.567820000000000000e+05 2.419319038362394703e-01
2.461200000000000000e+04 4.346507095567567203e-03 4.433929854493101175e+00 6.525660000000000000e+05 2.547364976561920513e-01
2.461400000000000000e+04 4.422369317409398023e-03 4.474113167942067371e+00 6.531460000000000000e+05 2.632668553198052597e-01
2.461600000000000000e+04 4.457359558584662179e-03 4.541317612949605120e+00 6.529460000000000000e+05 2.424181885162016714e-01
2.461800000000000000e+04 4.577109966921550852e-03 4.515718691323332479e+00 6.556910000000000000e+05 2.502929228743719370e-01
2.462000000000000000e+04 4.472873572919717350e-03 4.613039445129192728e+00 6.491880000000000000e+05 2.470449479038694662e-01
2.462200000000000000e+04 4.454810765317780523e-03 4.588617717100802906e+00 6.527000000000000000e+05 2.464020809737794138e-01
2.462400000000000000e+04 4.540282721611269522e-03 4.573367953131968200e+00 6.487900000000000000e+05 2.438619990506906143e-01
2.462600000000000000e+04 4.529926947600058408e-03 4.640047711682844245e+00 6.551030000000000000e+05 2.385811132666562917e-01
2.462800000000000000e+04 4.429997940070452660e-03 4.684115851080846049e+00 6.484010000000000000e+05 2.351277005588101321e-01
2.463000000000000000e+04 4.573215365074752813e-03 4.660967243889424516e+00 6.514040000000000000e+05 2.466526537640988948e-01
2.463200000000000000e+04 4.424313065863212484e-03 4.658454452288485648e+00 6.508620000000000000e+05 2.544432946318917477e-01
2.463400000000000000e+04 4.456180902308267723e-03 4.614004783056818937e+00 6.499770000000000000e+05 2.386730570271342333e-01
2.463600000000000000e+04 4.440318081210791086e-03 4.675435306057895701e+00 6.500020000000000000e+05 2.504203597740415344e-01
2.463800000000000000e+04 4.517127828469469364e-03 4.636550388226722497e+00 6.468390000000000000e+05 2.424345878862376458e-01
2.464000000000000000e+04 4.517847990163385494e-03 4.697885706707435993e+00 6.502070000000000000e+05 2.639742271018856168e-01
2.464200000000000000e+04 4.437860543482019006e-03 4.746078475870853630e+00 6.488660000000000000e+05 2.445594249937509956e-01
2.464400000000000000e+04 4.519216031512945410e-03 4.761660647574636585e+00 6.523810000000000000e+05 2.487436306014717824e-01
2.464600000000000000e+04 4.574396307109899681e-03 4.774452938265302038e+00 6.497480000000000000e+05 2.436518631577190841e-01
2.464800000000000000e+04 4.403569663474361795e-03 4.699914876947860698e+00 6.486590000000000000e+05 2.428473187420237545e-01
2.465000000000000000e+04 4.412458343944284690e-03 4.782144872920539136e+00 6.507420000000000000e+05 2.499128233158353363e-01
2.465200000000000000e+04 4.477173385568221538e-03 4.771271599352399306e+00 6.472250000000000000e+05 2.412777920522171382e-01
2.465400000000000000e+04 4.343949916033885625e-03 4.736100145012249740e+00 6.473700000000000000e+05 2.562777303897382786e-01
2.465600000000000000e+04 4.533434588690206206e-03 4.807953386723245792e+00 6.439130000000000000e+05 2.430881390659759000e-01
2.465800000000000000e+04 4.455422708232561688e-03 4.828205554029593394e+00 6.498190000000000000e+05 2.419289841322546375e-01
2.466000000000000000e+04 4.594309822303933692e-03 4.800304179689187656e+00 6.458980000000000000e+05 2.460443846115407118e-01
2.466200000000000000e+04 4.614986096126125897e-03 4.873757876225872643e+00 6.487420000000000000e+05 2.420219392973380901e-01
2.466400000000000000e+04 4.452864947725968837e-03 4.777441473649187920e+00 6.485930000000000000e+05 2.468369398223660138e-01
2.466600000000000000e+04 4.458648604833590282e-03 4.792305671169982517e+00 6.487830000000000000e+05 2.533845225841588333e-01
2.466800000000000000e+04 4.694677950345890922e-03 4.803546229063186068e+00 6.486510000000000000e+05 2.516283639159261898e-01
2.467000000000000000e+04 4.448406454973890395e-03 4.724472078003026709e+00 6.477240000000000000e+05 2.470193405518004426e-01
2.467200000000000000e+04 4.590575121422705608e-03 4.734052235461482461e+00 6.479730000000000000e+05 2.435321577233515722e-01
2.467400000000000000e+04 4.453062824293984451e-03 4.809066951055841699e+00 6.471720000000000000e+05 2.393205278527608670e-01
2.467600000000000000e+04 4.422234284512737736e-03 4.734482707589625861e+00 6.440860000000000000e+05 2.468452339917225347e-01
2.467800000000000000e+04 4.473662266776270123e-03 4.739953412756468865e+00 6.431280000000000000e+05 2.526826010667770350e-01
2.468000000000000000e+04 4.445571213679081965e-03 4.815751767102036673e+00 6.462460000000000000e+05 2.575300912643891382e-01
2.468200000000000000e+04 4.481392407477622665e-03 4.834582570734448304e+00 6.456870000000000000e+05 2.463752646237305499e-01
2.468400000000000000e+04 4.460777262225671703e-03 4.829966135707286057e+00 6.428690000000000000e+05 2.447449621003623121e-01
2.468600000000000000e+04 4.441582485381119320e-03 4.767825961957550263e+00 6.424600000000000000e+05 2.446034566405571320e-01
2.468800000000000000e+04 4.443688015030908267e-03 4.808171889311072533e+00 6.449810000000000000e+05 2.502627569124394324e-01
2.469000000000000000e+04 4.451903085242578731e-03 4.709692353131532450e+00 6.439440000000000000e+05 2.495244478434677782e-01
2.469200000000000000e+04 4.642412282520163788e-03 4.806397214998951561e+00 6.440890000000000000e+05 2.526139636828754198e-01
2.469400000000000000e+04 4.597847922178025307e-03 4.790611009185295366e+00 6.437730000000000000e+05 2.488549320094450290e-01
2.469600000000000000e+04 4.585354228322037311e-03 4.833820233450829562e+00 6.432510000000000000e+05 2.430951255611487616e-01
2.469800000000000000e+04 4.300978830818993903e-03 4.796267483393344300e+00 6.427240000000000000e+05 2.438123490612532918e-01
2.470000000000000000e+04 4.625470344585537637e-03 4.747742455325922428e+00 6.434220000000000000e+05 2.428023695892485845e-01
2.470200000000000000e+04 4.477283843794420057e-03 4.838273416251753112e+00 6.426710000000000000e+05 2.433617887954872272e-01
2.470400000000000000e+04 4.599944060581496325e-03 4.795615618829368820e+00 6.422620000000000000e+05 2.419756054134181433e-01
2.470600000000000000e+04 4.582698843542043141e-03 4.793034780938248751e+00 6.415810000000000000e+05 2.538592385712946098e-01
2.470800000000000000e+04 4.549127132739661308e-03 4.779122918677015441e+00 6.416740000000000000e+05 2.365194617522302922e-01
2.471000000000000000e+04 4.583365111136914610e-03 4.913329758911624268e+00 6.411390000000000000e+05 2.517081490978331781e-01
2.471200000000000000e+04 4.511302065397603152e-03 4.862524390254881368e+00 6.406790000000000000e+05 2.360960081135967947e-01
2.471400000000000000e+04 4.427937722929632669e-03 4.919024963736599254e+00 6.403570000000000000e+05 2.388125751324323420e-01
2.471600000000000000e+04 4.379784577824729318e-03 4.853945979595913229e+00 6.392510000000000000e+05 2.464153182176664347e-01
2.471800000000000000e+04 4.590799779307394232e-03 4.928002843972588920e+00 6.392470000000000000e+05 2.460986096399258305e-01
2.472000000000000000e+04 4.460883093040175079e-03 4.801274672465735804e+00 6.393220000000000000e+05 2.472772042996578545e-01
2.472200000000000000e+04 4.514816569222502955e-03 4.846474928207315180e+00 6.387540000000000000e+05 2.398379079801403191e-01
2.472400000000000000e+04 4.691818389343127560e-03 4.804400137939896176e+00 6.378960000000000000e+05 2.324933631099716236e-01
2.472600000000000000e+04 4.334924815659653950e-03 4.909254872480944165e+00 6.376810000000000000e+05 2.424664738240391859e-01
2.472800000000000000e+04 4.590430197068339456e-03 4.865627275524574635e+00 6.374600000000000000e+05 2.430890978652679724e-01
2.473000000000000000e+04 4.487575427341948010e-03 4.775409546328925892e+00 6.365710000000000000e+05 2.466564754099258294e-01
2.473200000000000000e+04 4.453504867366225341e-03 4.886219239323488672e+00 6.368690000000000000e+05 2.457214052171298457e-01
2.473400000000000000e+04 4.536987210886959943e-03 4.771881350352914275e+00 6.360390000000000000e+05 2.467019435728453058e-01
2.473600000000000000e+04 4.637615268158906852e-03 4.808465255965375995e+00 6.355890000000000000e+05 2.533251631920724889e-01
2.473800000000000000e+04 4.537822287821549096e-03 4.820250334118934887e+00 6.362730000000000000e+05 2.486816673869129135e-01
2.474000000000000000e+04 4.666511235473997862e-03 4.928701935127841161e+00 6.355100000000000000e+05 2.571229228827338065e-01
2.474200000000000000e+04 4.614539682371552459e-03 4.929033464451695323e+00 6.341470000000000000e+05 2.394803787806631667e-01
2.474400000000000000e+04 4.577048935375735428e-03 4.871500991227730282e+00 6.342550000000000000e+05 2.410425562000583222e-01
2.474600000000000000e+04 4.523064141839744194e-03 4.844371330745424586e+00 6.340870000000000000e+05 2.430227735098687836e-01
2.474800000000000000e+04 4.618226665123951157e-03 4.931555492199787949e+00 6.339950000000000000e+05 2.585519657244084724e-01
2.475000000000000000e+04 4.510540100375478277e-03 4.853496874206014056e+00 6.332320000000000000e+05 2.356163495577509037e-01
2.475200000000000000e+04 4.594541818485019073e-03 4.897459645317273846e+00 6.327630000000000000e+05 2.452888311825718037e-01
2.475400000000000000e+04 4.711767854593726899e-03 4.961002300645962038e+00 6.328440000000000000e+05 2.547634854242603053e-01
2.475600000000000000e+04 4.558963315953987010e-03 4.855167408270363971e+00 6.320170000000000000e+05 2.341876072612110171e-01
2.475800000000000000e+04 4.623125752247899886e-03 4.938199255406745536e+00 6.317140000000000000e+05 2.425202268269923411e-01
2.476000000000000000e+04 4.612593561515103413e-03 5.027192019576641080e+00 6.314910000000000000e+05 2.472170076041870779e-01
2.476200000000000000e+04 4.510591459116351266e-03 4.888631560900135398e+00 6.313000000000000000e+05 2.454101714418617519e-01
2.476400000000000000e+04 4.526060402102930966e-03 4.974801705317479339e+00 6.312720000000000000e+05 2.325707484733065267e-01
2.476600000000000000e+04 4.747156777251878082e-03 4.933494087328955224e+00 6.314780000000000000e+05 2.443844020416231499e-01
2.476800000000000000e+04 4.562310570822904546e-03 5.023667689153598737e+00 6.302370000000000000e+05 2.453064362760198069e-01
2.477000000000000000e+04 4.615117199045466051e-03 5.006567053569969339e+00 6.298900000000000000e+05 2.681023075702881342e-01
2.477200000000000000e+04 4.760149579434335559e-03 5.120956430753436983e+00 6.260500000000000000e+05 2.439888802611654695e-01
2.477400000000000000e+04 4.662477797161175552e-03 5.056210271545771739e+00 6.291190000000000000e+05 2.452498888388950915e-01
2.477600000000000000e+04 4.593102283204764276e-03 4.975368989492463534e+00 6.250020000000000000e+05 2.480231161299165932e-01
2.477800000000000000e+04 4.535436147742674326e-03 4.980278562150394883e+00 6.285300000000000000e+05 2.432884101553431100e-01
2.478000000000000000e+04 4.552030482343460624e-03 5.042899058278506708e+00 6.278730000000000000e+05 2.381382575034884097e-01
2.478200000000000000e+04 4.667746939706249841e-03 5.053115387575249251e+00 6.280150000000000000e+05 2.460256997689667380e-01
2.478400000000000000e+04 4.780437285913431179e-03 5.233066858688176559e+00 6.278610000000000000e+05 2.347357909135682763e-01
2.478600000000000000e+04 4.638141630276616627e-03 5.206929279143900580e+00 6.267980000000000000e+05 2.568209467336746155e-01
2.478800000000000000e+04 4.647830320051922828e-03 5.170615921496080958e+00 6.264970000000000000e+05 2.362370137561989880e-01
2.479000000000000000e+04 4.796836908876601219e-03 5.309412667960391019e+00 6.234960000000000000e+05 2.476571752928963255e-01
2.479200000000000000e+04 4.610629877219839939e-03 5.191282743941097344e+00 6.257490000000000000e+05 2.449924132739096372e-01
2.479400000000000000e+04 4.848009883730651504e-03 5.321822658276738061e+00 6.247780000000000000e+05 2.499798379673675575e-01
2.479600000000000000e+04 4.644813126343272890e-03 5.270131699254038793e+00 6.188110000000000000e+05 2.381959918452450919e-01
2.479800000000000000e+04 4.828193204337763444e-03 5.330161163481988318e+00 6.243020000000000000e+05 2.513127063738126998e-01
2.480000000000000000e+04 4.861674494058901286e-03 5.339853524483279656e+00 6.238120000000000000e+05 2.458503116957064250e-01
2.480200000000000000e+04 4.694793331382346967e-03 5.239292270772551774e+00 6.233240000000000000e+05 2.532010844983936249e-01
2.480400000000000000e+04 4.852294438345988031e-03 5.429695780707709751e+00 6.231470000000000000e+05 2.567665276390789231e-01
2.480600000000000000e+04 4.888718592047086066e-03 5.400255482972748489e+00 6.228400000000000000e+05 2.465940500849074513e-01
2.480800000000000000e+04 5.012467831208345694e-03 5.391985911094718809e+00 6.225920000000000000e+05 2.550011876967875346e-01
2.481000000000000000e+04 4.669775603800782951e-03 5.307741709905925198e+00 6.220290000000000000e+05 2.379256134365803632e-01
2.481200000000000000e+04 4.658550786969224179e-03 5.264482166356980741e+00 6.217000000000000000e+05 2.398196190884231693e-01
2.481400000000000000e+04 4.823503192939533959e-03 5.323056509786414203e+00 6.178440000000000000e+05 2.540752283590255178e-01
2.481600000000000000e+04 4.846817137536803786e-03 5.358179829888617185e+00 6.184040000000000000e+05 2.456351534170125306e-01
2.481800000000000000e+04 4.828853686777014736e-03 5.373470965375171104e+00 6.149060000000000000e+05 2.382273557835495881e-01
2.482000000000000000e+04 4.951968414790284753e-03 5.410411094365151108e+00 6.146430000000000000e+05 2.475895254873392570e-01
2.482200000000000000e+04 4.839279362732640082e-03 5.401620221711214143e+00 6.146490000000000000e+05 2.550019020062135322e-01
2.482400000000000000e+04 4.888713096128449211e-03 5.484628369496141964e+00 6.140940000000000000e+05 2.394492560102882417e-01
2.482600000000000000e+04 4.752485847747258546e-03 5.411483642973170305e+00 6.196360000000000000e+05 2.456049186367812998e-01
2.482800000000000000e+04 5.029332374436607661e-03 5.403620573796968252e+00 6.158770000000000000e+05 2.474705452040507625e-01
2.483000000000000000e+04 4.791878303798555172e-03 5.453571034867657374e+00 6.123220000000000000e+05 2.420400717779586097e-01
2.483200000000000000e+04 4.981106219427115268e-03 5.433054461876623442e+00 6.121390000000000000e+05 2.450712124170182915e-01
2.483400000000000000e+04 4.982519854327488451e-03 5.460072978341661276e+00 6.158030000000000000e+05 2.493605214305669171e-01
2.483600000000000000e+04 5.000939337176994910e-03 5.425213697493804332e+00 6.113590000000000000e+05 2.397090816622149123e-01
2.483800000000000000e+04 4.925806802457832409e-03 5.374083815621512272e+00 6.111670000000000000e+05 2.419656635819873169e-01
2.484000000000000000e+04 5.014667388549490755e-03 5.524852884673501663e+00 6.111850000000000000e+05 2.494424159227298099e-01
2.484200000000000000e+04 5.107648824465614926e-03 5.354941822996112322e+00 6.133790000000000000e+05 2.602076012001758865e-01
2.484400000000000000e+04 5.022267382143913265e-03 5.492314995983015535e+00 6.101560000000000000e+05 2.386757668936995980e-01
2.484600000000000000e+04 4.985904913871236702e-03 5.449802367602092801e+00 6.099610000000000000e+05 2.532009741349427467e-01
2.484800000000000000e+04 5.033338890433952315e-03 5.399707427874846033e+00 6.097280000000000000e+05 2.489475173983308753e-01
2.485000000000000000e+04 5.039174747785860574e-03 5.530118345891190224e+00 6.095220000000000000e+05 2.538413238002493189e-01
2.485200000000000000e+04 4.989911821453613117e-03 5.527281373748656357e+00 6.094080000000000000e+05 2.450002077153430879e-01
2.485400000000000000e+04 4.845016542493300882e-03 5.328234294723461772e+00 6.089170000000000000e+05 2.484425114134129475e-01
2.485600000000000000e+04 4.827576659146104975e-03 5.548283981503645990e+00 6.084250000000000000e+05 2.468890616566256357e-01
2.485800000000000000e+04 5.129685565205563923e-03 5.575229831211931497e+00 6.080920000000000000e+05 2.340726580900563958e-01
2.486000000000000000e+04 4.981672370059223205e-03 5.633685099392972795e+00 6.085130000000000000e+05 2.497586865597646866e-01
2.486200000000000000e+04 5.009215550787241358e-03 5.486093897611461934e+00 6.080970000000000000e+05 2.425744699861334397e-01
2.486400000000000000e+04 4.874623643003016954e-03 5.504968677786527209e+00 6.071390000000000000e+05 2.542420557304665985e-01
2.486600000000000000e+04 5.051443008908747083e-03 5.402177474905871080e+00 6.066570000000000000e+05 2.447976857032952980e-01
2.486800000000000000e+04 4.882389010046384731e-03 5.487655998721366224e+00 6.065990000000000000e+05 2.459315771298400954e-01
2.487000000000000000e+04 5.055757577050731984e-03 5.522600861365881464e+00 6.063600000000000000e+05 2.545520391248670133e-01
2.487200000000000000e+04 4.893967074796709560e-03 5.509738500779914894e+00 6.052950000000000000e+05 2.464424697721124269e-01
2.487400000000000000e+04 4.854765842741357203e-03 5.408943504085691245e+00 6.047610000000000000e+05 2.544000665146015083e-01
2.487600000000000000e+04 4.633245390962581998e-03 5.313968140478189106e+00 6.044880000000000000e+05 2.516860644413498327e-01
2.487800000000000000e+04 4.884649460193718658e-03 5.364838393776781622e+00 6.045580000000000000e+05 2.532009810070076639e-01
2.488000000000000000e+04 4.814017439876022188e-03 5.421394184386358894e+00 6.040060000000000000e+05 2.320861428026105844e-01
2.488200000000000000e+04 4.678154551293942261e-03 5.412057851185744894e+00 6.033290000000000000e+05 2.494335478295644504e-01
2.488400000000000000e+04 4.851744876320573246e-03 5.364298300618263404e+00 6.035720000000000000e+05 2.396693135668359342e-01
2.488600000000000000e+04 4.702473301869611322e-03 5.353501427504530064e+00 6.027510000000000000e+05 2.468470010299018969e-01
2.488800000000000000e+04 4.897071649736231200e-03 5.327118117774888972e+00 6.025010000000000000e+05 2.440638050385848246e-01
2.489000000000000000e+04 4.675389875344044058e-03 5.284754363224974050e+00 6.022220000000000000e+05 2.458318248054459088e-01
2.489200000000000000e+04 4.748160495857305270e-03 5.378325723531406588e+00 6.022670000000000000e+05 2.498017713767353432e-01
2.489400000000000000e+04 4.959987848174095097e-03 5.379846422760751423e+00 6.014470000000000000e+05 2.528398840874637177e-01
2.489600000000000000e+04 4.788687115299015799e-03 5.334859675021760061e+00 6.019640000000000000e+05 2.387621618834028236e-01
2.489800000000000000e+04 4.613513950588922323e-03 5.359198280436653583e+00 6.013600000000000000e+05 2.591158923608244957e-01
2.490000000000000000e+04 4.784800208940015107e-03 5.392458684369160871e+00 6.009230000000000000e+05 2.511324817163040901e-01
2.490200000000000000e+04 4.890694057592247061e-03 5.422884732043685929e+00 6.005470000000000000e+05 2.434264680560671301e-01
2.490400000000000000e+04 5.016732789454623510e-03 5.560015882747602056e+00 6.000340000000000000e+05 2.503184421342246613e-01
2.490600000000000000e+04 4.730641201478637432e-03 5.436682081299785807e+00 5.999050000000000000e+05 2.513437858006672410e-01
2.490800000000000000e+04 4.744104888240564290e-03 5.433541929309320118e+00 5.995530000000000000e+05 2.357441908919495344e-01
2.491000000000000000e+04 4.917634874143531586e-03 5.349398093053064684e+00 5.992340000000000000e+05 2.460363319514065339e-01
2.491200000000000000e+04 4.670347808722509139e-03 5.531168042577139232e+00 5.989840000000000000e+05 2.514290085240683537e-01
2.491400000000000000e+04 4.904270113167028336e-03 5.503518320063220948e+00 5.989670000000000000e+05 2.363310245380939312e-01
2.491600000000000000e+04 4.913128026929575870e-03 5.533596000364650713e+00 5.987660000000000000e+05 2.402734196423756408e-01
2.491800000000000000e+04 5.093617219420098347e-03 5.644642309478915543e+00 5.954220000000000000e+05 2.542303495454911189e-01
2.492000000000000000e+04 5.149755981990026404e-03 5.534532957016681465e+00 5.981740000000000000e+05 2.523963445830957331e-01
2.492200000000000000e+04 4.890529455999463246e-03 5.463078966960816629e+00 5.975910000000000000e+05 2.453126261685476539e-01
2.492400000000000000e+04 4.880678460785797812e-03 5.585203038130377884e+00 5.969040000000000000e+05 2.468370453887793470e-01
2.492600000000000000e+04 4.871391718957255798e-03 5.425028037690834637e+00 6.811360000000000000e+05 2.495567991938179297e-01
2.492800000000000000e+04 4.749908994705719437e-03 5.365081955652872381e+00 6.786570000000000000e+05 2.608335603288335358e-01
2.493000000000000000e+04 4.813695275839779616e-03 5.543277699144001147e+00 6.772150000000000000e+05 2.514868189708063806e-01
2.493200000000000000e+04 4.761373876011976668e-03 5.649270989874961124e+00 6.735930000000000000e+05 2.532702531278275826e-01
2.493400000000000000e+04 4.903088211231862621e-03 5.636555742564441474e+00 6.767980000000000000e+05 2.565630945756618986e-01
2.493600000000000000e+04 4.868457592979888796e-03 5.463155425276387867e+00 6.763360000000000000e+05 2.481744665635313984e-01
2.493800000000000000e+04 4.880519258879169667e-03 5.613009380056619868e+00 6.797020000000000000e+05 2.529519675745262042e-01
2.494000000000000000e+04 4.917601129109018358e-03 5.630283998596961048e+00 6.756790000000000000e+05 2.469003406695420844e-01
2.494200000000000000e+04 4.927950953928444434e-03 5.700628833687593655e+00 6.714430000000000000e+05 2.526493879204782522e-01
2.494400000000000000e+04 4.973149164547178459e-03 5.754617047782111250e+00 6.747070000000000000e+05 2.350011053699158081e-01
2.494600000000000000e+04 4.972359844137538495e-03 5.813935547363743517e+00 6.779060000000000000e+05 2.543896078538825933e-01
2.494800000000000000e+04 5.008771278479122110e-03 5.832401621447834472e+00 6.773570000000000000e+05 2.499154679800478784e-01
2.495000000000000000e+04 5.011905212755902832e-03 5.791727542859361755e+00 6.768850000000000000e+05 2.552512096305971090e-01
2.495200000000000000e+04 4.907916466053034721e-03 5.599857320076935707e+00 6.837180000000000000e+05 2.582866952111652070e-01
2.495400000000000000e+04 4.904750046362854783e-03 5.590990068847228933e+00 6.795150000000000000e+05 2.520916923950232702e-01
2.495600000000000000e+04 4.944502599873282916e-03 5.542749210824719164e+00 6.795270000000000000e+05 2.482261850688688709e-01
2.495800000000000000e+04 4.858156444507054188e-03 5.490106324823194051e+00 6.793590000000000000e+05 2.480101916749731517e-01
2.496000000000000000e+04 4.799193955133987735e-03 5.576302464853600149e+00 6.830860000000000000e+05 2.445924112706937825e-01
2.496200000000000000e+04 4.695038858137131135e-03 5.403755986045346127e+00 6.811710000000000000e+05 2.575901844839047494e-01
2.496400000000000000e+04 4.835849877362127097e-03 5.618254352421072184e+00 6.822300000000000000e+05 2.334791273342117224e-01
2.496600000000000000e+04 4.786357848396313036e-03 5.423479802438340158e+00 6.815130000000000000e+05 2.646702558157681406e-01
2.496800000000000000e+04 4.687100659183044554e-03 5.435989970941198735e+00 6.789540000000000000e+05 2.605865281832335234e-01
2.497000000000000000e+04 4.830857257919330024e-03 5.426011313170218564e+00 6.781980000000000000e+05 2.423051046516039309e-01
2.497200000000000000e+04 4.811506989193223977e-03 5.463572970530289119e+00 6.797540000000000000e+05 2.392669343271208449e-01
2.497400000000000000e+04 4.852729465347997186e-03 5.585901263232754488e+00 6.727320000000000000e+05 2.507830319971445787e-01
2.497600000000000000e+04 4.620650863017499062e-03 5.531386033809516434e+00 6.757380000000000000e+05 2.496777388400803488e-01
2.497800000000000000e+04 4.835813209498355733e-03 5.663590270086893419e+00 6.762050000000000000e+05 2.451867224630613629e-01
2.498000000000000000e+04 4.865530647752560646e-03 5.658239183140382877e+00 6.761390000000000000e+05 2.452257469521026134e-01
2.498200000000000000e+04 4.658476407244665010e-03 5.574245326145804924e+00 6.712240000000000000e+05 2.454351888787665026e-01
2.498400000000000000e+04 4.926933173618220155e-03 5.624413557219189563e+00 6.748170000000000000e+05 2.500951843628742011e-01
2.498600000000000000e+04 4.835563288502788687e-03 5.698173867042620522e+00 6.676550000000000000e+05 2.455974499515488629e-01
2.498800000000000000e+04 4.916668760733660867e-03 5.685260872706670909e+00 6.771050000000000000e+05 2.494412855962778452e-01
2.499000000000000000e+04 4.971091436325116193e-03 5.682662998128192200e+00 6.702900000000000000e+05 2.435356846898420469e-01
2.499200000000000000e+04 4.900818448602000527e-03 5.644601514928419661e+00 6.736850000000000000e+05 2.460178207902051217e-01
2.499400000000000000e+04 5.003032097534275933e-03 5.677654976757279925e+00 6.759460000000000000e+05 2.577320973875664167e-01
2.499600000000000000e+04 4.807389532814052013e-03 5.673370793355236863e+00 6.683320000000000000e+05 2.533340219488827150e-01
2.499800000000000000e+04 4.837949100323867511e-03 5.710187833092969178e+00 6.692660000000000000e+05 2.512846729292907977e-01
2.500000000000000000e+04 4.718915146591848644e-03 5.595375247761573689e+00 6.687910000000000000e+05 2.443817811841982879e-01
