Energy fluotot bragg Monitor highharm
2.410000000000000000e+04 1.009825891070562608e-03 2.219777977289880511e+01 1.017007000000000000e+06 4.745061585042976149e-01
2.410500000000000000e+04 9.495293188086470796e-04 2.222230450345695374e+01 1.016293000000000000e+06 4.929540028194158152e-01
2.411000000000000000e+04 9.170272557048255325e-04 2.230009925331967580e+01 1.015237000000000000e+06 4.872668067927715674e-01
2.411500000000000000e+04 1.012218360068674588e-03 2.231798200891262240e+01 1.017567000000000000e+06 4.943880088282265883e-01
2.412000000000000000e+04 9.717054709575150733e-04 2.252099672840590827e+01 1.016769000000000000e+06 4.974320641618076855e-01
2.412500000000000000e+04 9.995453934016265002e-04 2.218570308827679227e+01 1.018463000000000000e+06 5.065123420995192305e-01
2.413000000000000000e+04 9.744786883182510054e-04 2.244771647339084808e+01 1.016954000000000000e+06 4.974879663991206846e-01
2.413500000000000000e+04 9.724829521088957296e-04 2.251001806381030335e+01 1.019041000000000000e+06 5.081703862788449211e-01
2.414000000000000000e+04 9.637276272214488756e-04 2.264965660940220360e+01 1.010659000000000000e+06 5.045682961693361834e-01
2.414500000000000000e+04 9.540384338378753897e-04 2.281911571956906215e+01 1.013586000000000000e+06 4.958504566003346659e-01
2.415000000000000000e+04 1.004672619401475496e-03 2.305573134499516641e+01 1.009284000000000000e+06 4.911484616699607342e-01
2.415500000000000000e+04 9.959517141975720873e-04 2.274311167069200934e+01 1.008081000000000000e+06 4.998697270074963783e-01
2.416000000000000000e+04 9.814675827030747840e-04 2.292867963307858403e+01 1.004618000000000000e+06 4.902997683524925598e-01
2.416500000000000000e+04 9.906506724251748237e-04 2.286568386712406920e+01 1.010447000000000000e+06 5.158998791519600058e-01
2.417000000000000000e+04 9.774733655909533143e-04 2.277521461411897263e+01 1.005654000000000000e+06 5.038998972999738646e-01
2.417500000000000000e+04 1.016906316261844334e-03 2.297260934509225194e+01 1.005009000000000000e+06 4.927821475660062456e-01
2.418000000000000000e+04 9.821705171536179810e-04 2.325607664630599913e+01 1.003899000000000000e+06 5.051299617135251996e-01
2.418500000000000000e+04 1.002220841606228782e-03 2.314759844234244213e+01 1.002773000000000000e+06 5.134143704554287035e-01
2.419000000000000000e+04 1.007582808841588681e-03 2.317012784355261701e+01 1.002399000000000000e+06 5.209108658445047446e-01
2.419500000000000000e+04 9.829865408763551349e-04 2.333516220339790337e+01 1.001031000000000000e+06 5.271782743796090687e-01
2.420000000000000000e+04 9.841702614552339055e-04 2.343480644306479732e+01 9.998270000000000000e+05 5.083538000135882085e-01
2.420500000000000000e+04 1.031131150872508515e-03 2.331751030856053575e+01 9.989030000000000000e+05 5.178041910710173834e-01
2.421000000000000000e+04 9.892696879732912688e-04 2.365110587604691617e+01 9.956840000000000000e+05 5.051514950687646666e-01
2.421500000000000000e+04 9.699321047526687344e-04 2.365611761317827444e+01 9.949150000000000000e+05 5.035659620255390490e-01
2.422000000000000000e+04 1.020471958196947576e-03 2.372470066446671666e+01 9.916980000000000000e+05 5.285753028439076351e-01
2.422500000000000000e+04 1.031381307795511135e-03 2.360207959153370538e+01 9.957520000000000000e+05 5.215515696393229206e-01
2.423000000000000000e+04 1.040103789294064907e-03 2.389140306221612775e+01 9.950930000000000000e+05 5.274329407198977693e-01
2.423500000000000000e+04 1.010561576315009268e-03 2.401567379790039070e+01 9.935070000000000000e+05 5.220014687433633949e-01
2.424000000000000000e+04 1.008285387368232366e-03 2.407826415857832458e+01 9.858320000000000000e+05 5.102963045772835882e-01
2.424500000000000000e+04 1.008160047423849485e-03 2.408492421028325836e+01 9.919060000000000000e+05 5.216216578653759539e-01
2.425000000000000000e+04 1.053690650190898222e-03 2.429037113019108673e+01 9.879560000000000000e+05 5.263340387563504308e-01
2.425500000000000000e+04 1.054206140038467391e-03 2.417625143339633453e+01 9.827300000000000000e+05 5.201377413744040501e-01
2.426000000000000000e+04 1.048680200068362236e-03 2.430169466883934248e+01 9.888620000000000000e+05 5.264916504054198976e-01
2.426500000000000000e+04 1.071989216989757514e-03 2.473198954579976672e+01 9.822860000000000000e+05 5.438397014431782805e-01
2.427000000000000000e+04 1.082162524854963538e-03 2.438634589867670499e+01 9.776720000000000000e+05 5.334826558353090720e-01
2.427500000000000000e+04 1.048592643262430835e-03 2.448388348155142680e+01 9.765470000000000000e+05 5.260838860756512636e-01
2.428000000000000000e+04 1.079846308345668200e-03 2.481117797225774524e+01 9.788430000000000000e+05 5.335992878617701329e-01
2.428500000000000000e+04 1.120775921792010847e-03 2.513473680031361113e+01 9.743250000000000000e+05 5.330684554542888254e-01
2.429000000000000000e+04 1.063941224436138833e-03 2.517651673986880567e+01 9.737380000000000000e+05 5.323344193725247919e-01
2.429500000000000000e+04 1.147330144249009230e-03 2.557850458067302313e+01 9.726930000000000000e+05 5.348798186186576320e-01
2.430000000000000000e+04 1.103168390259976752e-03 2.570359729618349931e+01 9.708400000000000000e+05 5.470398241265357342e-01
2.430000000000000000e+04 1.128288224109340538e-03 2.553974712023921612e+01 9.713830000000000000e+05 5.337753991229172712e-01
2.430100000000000000e+04 1.140009915818615376e-03 2.555702593219493579e+01 9.701670000000000000e+05 5.459287734354572041e-01
2.430100000000000000e+04 1.070989381846375538e-03 2.549870844263314851e+01 9.701310000000000000e+05 5.287140957944258535e-01
2.430200000000000000e+04 1.104248259776987413e-03 2.576323421766983657e+01 9.689850000000000000e+05 5.494659487966615519e-01
2.430200000000000000e+04 1.053987707261883327e-03 2.582819545056889510e+01 9.687020000000000000e+05 5.363215309029492062e-01
2.430300000000000000e+04 1.131932700140174559e-03 2.557810339647177500e+01 9.673720000000000000e+05 5.477610907193355416e-01
2.430300000000000000e+04 1.081183886018824598e-03 2.580361190983736464e+01 9.674580000000000000e+05 5.406253713057430632e-01
2.430400000000000000e+04 1.111458369985240859e-03 2.567096153734928166e+01 9.662980000000000000e+05 5.328691538824207319e-01
2.430400000000000000e+04 1.121852422590627644e-03 2.575607530962173186e+01 9.662590000000000000e+05 5.488888882193370122e-01
2.430500000000000000e+04 1.120408731732524437e-03 2.563927680980873802e+01 9.657190000000000000e+05 5.273655915560905294e-01
2.430500000000000000e+04 1.124681159105099960e-03 2.571371839290717887e+01 9.656070000000000000e+05 5.241613770644849568e-01
2.430600000000000000e+04 1.095653562014301235e-03 2.577205945123146336e+01 9.647210000000000000e+05 5.395420613200153648e-01
2.430600000000000000e+04 1.075252093216159466e-03 2.582176548500410007e+01 9.644250000000000000e+05 5.417461830358769603e-01
2.430700000000000000e+04 1.125278594688973368e-03 2.520749807811976240e+01 9.633170000000000000e+05 5.359091185553603864e-01
2.430700000000000000e+04 1.140260328286973272e-03 2.566019630300812437e+01 9.629380000000000000e+05 5.333798230747258673e-01
2.430800000000000000e+04 1.176827721570043814e-03 2.582742710960264887e+01 9.619080000000000000e+05 5.418988660401266033e-01
2.430800000000000000e+04 1.101446323715076728e-03 2.573651492120920636e+01 9.623710000000000000e+05 5.409404109642899083e-01
2.430900000000000000e+04 1.109685148939088505e-03 2.559482335576712231e+01 9.615340000000000000e+05 5.362474471874097981e-01
2.430900000000000000e+04 1.167484009527166916e-03 2.576658160996649016e+01 9.610410000000000000e+05 5.393889315904089043e-01
2.431000000000000000e+04 1.117554669566267651e-03 2.576935915216123973e+01 9.601320000000000000e+05 5.389424771488319221e-01
2.431000000000000000e+04 1.081584130381377804e-03 2.586132741677392843e+01 9.606280000000000000e+05 5.333009771906053187e-01
2.431100000000000000e+04 1.181949320014344081e-03 2.567098692031443363e+01 9.594320000000000000e+05 5.449350927687992563e-01
2.431100000000000000e+04 1.146061885256159695e-03 2.577872009545798093e+01 9.589360000000000000e+05 5.407707001311756745e-01
2.431200000000000000e+04 1.116898570996128267e-03 2.572067897203388043e+01 9.580100000000000000e+05 5.480627275231687578e-01
2.431200000000000000e+04 1.113796145033584982e-03 2.572240306590778403e+01 9.579850000000000000e+05 5.395285650960119916e-01
2.431300000000000000e+04 1.072205629393064045e-03 2.595373383071198248e+01 9.569060000000000000e+05 5.341331878038092507e-01
2.431300000000000000e+04 1.141170765963847632e-03 2.587552525548966642e+01 9.569120000000000000e+05 5.360418998613482033e-01
2.431400000000000000e+04 1.162917165159333115e-03 2.589479323724481574e+01 9.562160000000000000e+05 5.403764518932357985e-01
2.431400000000000000e+04 1.140029034133934046e-03 2.586586707152245168e+01 9.561160000000000000e+05 5.193969651452066127e-01
2.431500000000000000e+04 1.172427437733113836e-03 2.595118494380094276e+01 9.552830000000000000e+05 5.379480541082659606e-01
2.431500000000000000e+04 1.140637459371329722e-03 2.581692356935021593e+01 9.556060000000000000e+05 5.389827139722168647e-01
2.431600000000000000e+04 1.112802785569612157e-03 2.544764010751475780e+01 9.543470000000000000e+05 5.407608121054386929e-01
2.431600000000000000e+04 1.033175842127376188e-03 2.525594257497425588e+01 9.543390000000000000e+05 5.462829003778099102e-01
2.431700000000000000e+04 1.142266155356589643e-03 2.600883157028284742e+01 9.533680000000000000e+05 5.469405437110581580e-01
2.431700000000000000e+04 1.106151776605571613e-03 2.642226453038786715e+01 9.537570000000000000e+05 5.428743235871711370e-01
2.431800000000000000e+04 1.124594815103382170e-03 2.630123205735638692e+01 9.523430000000000000e+05 5.446725790899943354e-01
2.431800000000000000e+04 1.174353135019125379e-03 2.633396163065256346e+01 9.528650000000000000e+05 5.423535442755487157e-01
2.431900000000000000e+04 1.077808078728311608e-03 2.615488316043978401e+01 9.519320000000000000e+05 5.326527820201585328e-01
2.431900000000000000e+04 1.160691120660404130e-03 2.621695167374490509e+01 9.520190000000000000e+05 5.333268969400052351e-01
2.432000000000000000e+04 1.186905561635511136e-03 2.635469682335856945e+01 9.512130000000000000e+05 5.483788437068737309e-01
2.432000000000000000e+04 1.125578159369679037e-03 2.631419834784752254e+01 9.515110000000000000e+05 5.236883942595234043e-01
2.432100000000000000e+04 1.176119101520747530e-03 2.661828269633512178e+01 9.505840000000000000e+05 5.480406359020800755e-01
2.432100000000000000e+04 1.146585122374294170e-03 2.646438018479219423e+01 9.506490000000000000e+05 5.469968492774716085e-01
2.432200000000000000e+04 1.132575546262450886e-03 2.649482828961258107e+01 9.500470000000000000e+05 5.473106923916206679e-01
2.432200000000000000e+04 1.123219376218483403e-03 2.642323231787750970e+01 9.499480000000000000e+05 5.315347241105264908e-01
2.432300000000000000e+04 1.122756461905795007e-03 2.639846012026792721e+01 9.494490000000000000e+05 5.451164937772663421e-01
2.432300000000000000e+04 1.158262500856318839e-03 2.652861354606524813e+01 9.488350000000000000e+05 5.444379998823666300e-01
2.432400000000000000e+04 1.122507326892275637e-03 2.628707760937725624e+01 9.478780000000000000e+05 5.417481664819739917e-01
2.432400000000000000e+04 1.151356504426877952e-03 2.661335810897685050e+01 9.493150000000000000e+05 5.462104337282783773e-01
2.432500000000000000e+04 1.184732966038004338e-03 2.666501116746766442e+01 9.487370000000000000e+05 5.449519701414174966e-01
2.432500000000000000e+04 1.134517266066444301e-03 2.656469006589790283e+01 9.484210000000000000e+05 5.469548851829291181e-01
2.432600000000000000e+04 1.120378438939369876e-03 2.644584219266705816e+01 9.478940000000000000e+05 5.419376347682459683e-01
2.432600000000000000e+04 1.114234343741291045e-03 2.639614935491060876e+01 9.477360000000000000e+05 5.389325333942192042e-01
2.432700000000000000e+04 1.101250653306656835e-03 2.631320970045311824e+01 9.471050000000000000e+05 5.394647053978324225e-01
2.432700000000000000e+04 1.202227551382304338e-03 2.659611350092479398e+01 9.474080000000000000e+05 5.331415725621191370e-01
2.432800000000000000e+04 1.163306707239762433e-03 2.683211915856704266e+01 9.464400000000000000e+05 5.454587532244776771e-01
2.432800000000000000e+04 1.215719357000750230e-03 2.666978797353766950e+01 9.459420000000000000e+05 5.428714751882087741e-01
2.432900000000000000e+04 1.161470928287376171e-03 2.652668581676579151e+01 9.444920000000000000e+05 5.418133302336127777e-01
2.432900000000000000e+04 1.216421478406931557e-03 2.663554568858289429e+01 9.453960000000000000e+05 5.377367101217249701e-01
2.433000000000000000e+04 1.224940898720908991e-03 2.670082987550628673e+01 9.437190000000000000e+05 5.478238162511468445e-01
2.433000000000000000e+04 1.160097723665781937e-03 2.668512220681488145e+01 9.438860000000000000e+05 5.658200130525631311e-01
2.433100000000000000e+04 1.178152326294111757e-03 2.682514909007171866e+01 9.430020000000000000e+05 5.426100670714432139e-01
2.433100000000000000e+04 1.170795027090537144e-03 2.690096483695707974e+01 9.429490000000000000e+05 5.456425483588598357e-01
2.433200000000000000e+04 1.187679969602186596e-03 2.689191412439156181e+01 9.421730000000000000e+05 5.574756900164314910e-01
2.433200000000000000e+04 1.203626162629633243e-03 2.681788079208258324e+01 9.421530000000000000e+05 5.542397703722988789e-01
2.433300000000000000e+04 1.205144500438914924e-03 2.688240438616400141e+01 9.409660000000000000e+05 5.470490074215444976e-01
2.433300000000000000e+04 1.224298231828784651e-03 2.683208647591141371e+01 9.417640000000000000e+05 5.399342756263690868e-01
2.433400000000000000e+04 1.230829510947564981e-03 2.704956749305716812e+01 9.392040000000000000e+05 5.375934614224013863e-01
2.433400000000000000e+04 1.238431560976542686e-03 2.700676047492215659e+01 9.407060000000000000e+05 5.540378387826492279e-01
2.433500000000000000e+04 1.144368354485676914e-03 2.683402588861963523e+01 9.385090000000000000e+05 5.318820477279496695e-01
2.433500000000000000e+04 1.265584102218289542e-03 2.680313250655254365e+01 9.386970000000000000e+05 5.505598642339497584e-01
2.433600000000000000e+04 1.250478390603392475e-03 2.680944167838911341e+01 9.380410000000000000e+05 5.475113316042533596e-01
2.433600000000000000e+04 1.238203208236766592e-03 2.674457080564476286e+01 9.376490000000000000e+05 5.375153413050272055e-01
2.433700000000000000e+04 1.219578557184149755e-03 2.652137736915310384e+01 9.372090000000000000e+05 5.446878289965912945e-01
2.433700000000000000e+04 1.178243478038139280e-03 2.684212785916395561e+01 9.369880000000000000e+05 5.331476097200517072e-01
2.433800000000000000e+04 1.283564079427200987e-03 2.664629985039094962e+01 9.364550000000000000e+05 5.387046663224941412e-01
2.433800000000000000e+04 1.219947313658920106e-03 2.655577772764950595e+01 9.361060000000000000e+05 5.462959326385035119e-01
2.433900000000000000e+04 1.268323957599596860e-03 2.684817851783243370e+01 9.327270000000000000e+05 5.534288667654898575e-01
2.433900000000000000e+04 1.284122535869362727e-03 2.664448546337094115e+01 9.352690000000000000e+05 5.541191575057671237e-01
2.434000000000000000e+04 1.271126594793083953e-03 2.697697171605449640e+01 9.346040000000000000e+05 5.437564246901773757e-01
2.434000000000000000e+04 1.330404944011679899e-03 2.672275336367237486e+01 9.343020000000000000e+05 5.448409356689000171e-01
2.434100000000000000e+04 1.256211446196020803e-03 2.699137316745526505e+01 9.337600000000000000e+05 5.566631857499969582e-01
2.434100000000000000e+04 1.283071488930564649e-03 2.703114013182745268e+01 9.336970000000000000e+05 5.521976905050319795e-01
2.434200000000000000e+04 1.335473529045207164e-03 2.728950773875529023e+01 9.307560000000000000e+05 5.519190213526520283e-01
2.434200000000000000e+04 1.352495472033779685e-03 2.718595182743704441e+01 9.330900000000000000e+05 5.557789111417574812e-01
2.434300000000000000e+04 1.292767262197873660e-03 2.726958528606757781e+01 9.321090000000000000e+05 5.569682320490599858e-01
2.434300000000000000e+04 1.296053308634352152e-03 2.713147801613101606e+01 9.328320000000000000e+05 5.532942046642768119e-01
2.434400000000000000e+04 1.361153725500305377e-03 2.706948497089094019e+01 9.308280000000000000e+05 5.483656527203900621e-01
2.434400000000000000e+04 1.404981669715454125e-03 2.729384986117182166e+01 9.309730000000000000e+05 5.467283058785921135e-01
2.434500000000000000e+04 1.367306749679673798e-03 2.696380055113499097e+01 9.302960000000000000e+05 5.572283019254695713e-01
2.434500000000000000e+04 1.302664120094456767e-03 2.712057561964064334e+01 9.304010000000000000e+05 5.457192878806169656e-01
2.434600000000000000e+04 1.409618306329092586e-03 2.694404439715406951e+01 9.300390000000000000e+05 5.572104257971155494e-01
2.434600000000000000e+04 1.438623924941356130e-03 2.709607146353825513e+01 9.272750000000000000e+05 5.575547009983891078e-01
2.434700000000000000e+04 1.458039894728227438e-03 2.711699389509096392e+01 9.286440000000000000e+05 5.431900483920031331e-01
2.434700000000000000e+04 1.469867711905925621e-03 2.703721337524211421e+01 9.286550000000000000e+05 5.571675930472808069e-01
2.434800000000000000e+04 1.460500730789297992e-03 2.699303590210441328e+01 9.277640000000000000e+05 5.421844806970903541e-01
2.434800000000000000e+04 1.465600944881551102e-03 2.695507768143110283e+01 9.279470000000000000e+05 5.391727917016529981e-01
2.434900000000000000e+04 1.478308254247436481e-03 2.695399734383391532e+01 9.267350000000000000e+05 5.451416086107359060e-01
2.434900000000000000e+04 1.517717490965967342e-03 2.719020032506513473e+01 9.270500000000000000e+05 5.595514020990766113e-01
2.435000000000000000e+04 1.545087273034813184e-03 2.695361984231116281e+01 9.222780000000000000e+05 5.584388350968978454e-01
2.435000000000000000e+04 1.530838074469117365e-03 2.704937513449884534e+01 9.262900000000000000e+05 5.586061307811436283e-01
2.435100000000000000e+04 1.516073952400467462e-03 2.713212735201365788e+01 9.247570000000000000e+05 5.549794704876042095e-01
2.435100000000000000e+04 1.544658516650874395e-03 2.710192419032984645e+01 9.225340000000000000e+05 5.531273477928397853e-01
2.435200000000000000e+04 1.685825746034735027e-03 2.705080212737698986e+01 9.235830000000000000e+05 5.508967621786386992e-01
2.435200000000000000e+04 1.609418834204969038e-03 2.699654886007635213e+01 9.239360000000000000e+05 5.495444262205561037e-01
2.435300000000000000e+04 1.773763356405350143e-03 2.710317863630633184e+01 9.166950000000000000e+05 5.473534855869468529e-01
2.435300000000000000e+04 1.719577722854342700e-03 2.692396574364190442e+01 9.229010000000000000e+05 5.612451381173502174e-01
2.435400000000000000e+04 1.909797937722752283e-03 2.689590626512560689e+01 9.194690000000000000e+05 5.540943332820292833e-01
2.435400000000000000e+04 1.914461346113772739e-03 2.660618223465673893e+01 9.214080000000000000e+05 5.533428130964127556e-01
2.435500000000000000e+04 1.943038242772258039e-03 2.582994144452683116e+01 9.207230000000000000e+05 5.535942409401609643e-01
2.435500000000000000e+04 1.993971105446656379e-03 2.637562231690994707e+01 9.152590000000000000e+05 5.535276486864825207e-01
2.435600000000000000e+04 2.077220001716534314e-03 2.565513996160856536e+01 9.204610000000000000e+05 5.559423751805115943e-01
2.435600000000000000e+04 2.191436289792642739e-03 2.554012307603476728e+01 9.176630000000000000e+05 5.517724187958205073e-01
2.435700000000000000e+04 2.433395213486531494e-03 2.512264928175658341e+01 9.168260000000000000e+05 5.474879552377348579e-01
2.435700000000000000e+04 2.389893047662971799e-03 2.501707105742664794e+01 9.192880000000000000e+05 5.395273579602791747e-01
2.435800000000000000e+04 2.660339373022719764e-03 2.437298864238646701e+01 9.179280000000000000e+05 5.465026926735947477e-01
2.435800000000000000e+04 2.660182879402862247e-03 2.420713792931914554e+01 9.179820000000000000e+05 5.415292556383394240e-01
2.435900000000000000e+04 2.840778672845911332e-03 2.391593844431684346e+01 9.148900000000000000e+05 5.633448039543781372e-01
2.435900000000000000e+04 3.058947421207040395e-03 2.326864079162092480e+01 9.173090000000000000e+05 5.558030913962684894e-01
2.436000000000000000e+04 3.043152360057115556e-03 2.276709053349820522e+01 9.138550000000000000e+05 5.457944820310544065e-01
2.436000000000000000e+04 3.312870310132688505e-03 2.252679405191181417e+01 9.161240000000000000e+05 5.459464461416044800e-01
2.436100000000000000e+04 3.297653328326632591e-03 2.224991199102396422e+01 9.161060000000000000e+05 5.377169777659729366e-01
2.436100000000000000e+04 3.478125089344807474e-03 2.205878656193635834e+01 9.093980000000000000e+05 5.313386348542803450e-01
2.436200000000000000e+04 3.645968030373888166e-03 2.159373040710029912e+01 9.086750000000000000e+05 5.370618872874222127e-01
2.436200000000000000e+04 3.656684313570557864e-03 2.160576036076812301e+01 9.112080000000000000e+05 5.521141624907524026e-01
2.436300000000000000e+04 3.733901806514003992e-03 2.102479502413174473e+01 9.100400000000000000e+05 5.564425435633795214e-01
2.436300000000000000e+04 3.979505818727201855e-03 2.112888308885106170e+01 9.134300000000000000e+05 5.460525878988035098e-01
2.436400000000000000e+04 4.108922152464195877e-03 2.089287103620683084e+01 9.099710000000000000e+05 5.277703597289253867e-01
2.436400000000000000e+04 3.945460521759411310e-03 2.073752385531489040e+01 9.096530000000000000e+05 5.368027041196118399e-01
2.436500000000000000e+04 4.294995425253903508e-03 2.032977640149951881e+01 9.115260000000000000e+05 5.481552320444778026e-01
2.436500000000000000e+04 3.994221407179721420e-03 2.047841405276816928e+01 9.095640000000000000e+05 5.390816638521216397e-01
2.436600000000000000e+04 4.305524799183846514e-03 2.001851348967760558e+01 9.076710000000000000e+05 5.443636226257991817e-01
2.436600000000000000e+04 4.316365500901709826e-03 2.027745240470070343e+01 9.049280000000000000e+05 5.408639345621117922e-01
2.436700000000000000e+04 4.564173945371549634e-03 1.970297068850851119e+01 9.037780000000000000e+05 5.417813043388318706e-01
2.436700000000000000e+04 4.447743957766241846e-03 1.962822719217677658e+01 9.092250000000000000e+05 5.504168674546248141e-01
2.436800000000000000e+04 4.763239002521735266e-03 1.940179943490179681e+01 8.993880000000000000e+05 5.420314330186896123e-01
2.436800000000000000e+04 4.696075809186121830e-03 1.929266088166470183e+01 9.047980000000000000e+05 5.268414705217824290e-01
2.436900000000000000e+04 4.823365341055471656e-03 1.880572371486863048e+01 9.006160000000000000e+05 5.460169709875731803e-01
2.436900000000000000e+04 4.829486730241821027e-03 1.893895249956403504e+01 9.046510000000000000e+05 5.416778430661589594e-01
2.437000000000000000e+04 4.949159841546990797e-03 1.862928893531889685e+01 9.009610000000000000e+05 5.374415059848162146e-01
2.437000000000000000e+04 4.927214883725068023e-03 1.839775910294845573e+01 8.992910000000000000e+05 5.423910256216289971e-01
2.437100000000000000e+04 5.066925315227949547e-03 1.822037074716410032e+01 9.021250000000000000e+05 5.430539138403369659e-01
2.437100000000000000e+04 5.201885059307492787e-03 1.838341876562669341e+01 9.014040000000000000e+05 5.354681999001250636e-01
2.437200000000000000e+04 5.232033410413210878e-03 1.806266357181847226e+01 9.007970000000000000e+05 5.430000632591880372e-01
2.437200000000000000e+04 5.134511131230519963e-03 1.804911871491772146e+01 9.034940000000000000e+05 5.604082582230549558e-01
2.437300000000000000e+04 5.062598496568397263e-03 1.781574922231348168e+01 8.991430000000000000e+05 5.366211941423021381e-01
2.437300000000000000e+04 5.318600237590031567e-03 1.760765699856948174e+01 9.015530000000000000e+05 5.489065587270050006e-01
2.437400000000000000e+04 5.517974746888048947e-03 1.768756299551978728e+01 8.952560000000000000e+05 5.473213387629847215e-01
2.437400000000000000e+04 5.485984482820282192e-03 1.782075985579058397e+01 8.950080000000000000e+05 5.486101265950055206e-01
2.437500000000000000e+04 5.515369496329764615e-03 1.767351821986617821e+01 8.974920000000000000e+05 5.446709417555010146e-01
2.437500000000000000e+04 5.603941203891587945e-03 1.751014994582001094e+01 8.945490000000000000e+05 5.369373040373640604e-01
2.437600000000000000e+04 5.484442263811071909e-03 1.751375636754702825e+01 8.927070000000000000e+05 5.266104826049099463e-01
2.437600000000000000e+04 5.650951777573871154e-03 1.743119867368707432e+01 8.925930000000000000e+05 5.556006775675249587e-01
2.437700000000000000e+04 5.596217082307470420e-03 1.706429501520845449e+01 8.956050000000000000e+05 5.463840434304152449e-01
2.437700000000000000e+04 5.688026904277974222e-03 1.719659672231088265e+01 8.959170000000000000e+05 5.501320693657022476e-01
2.437800000000000000e+04 5.727849734248420012e-03 1.753941580149477275e+01 8.914340000000000000e+05 5.456056120592029934e-01
2.437800000000000000e+04 5.566994415130427018e-03 1.727372917183725320e+01 8.950970000000000000e+05 5.525725838009414304e-01
2.437900000000000000e+04 5.653599945204427352e-03 1.747657228860504119e+01 8.905830000000000000e+05 5.486655762883438925e-01
2.437900000000000000e+04 5.612338221450923273e-03 1.757217343615225147e+01 8.965960000000000000e+05 5.565853239470608393e-01
2.438000000000000000e+04 5.578247641851105838e-03 1.747149690860518589e+01 8.904230000000000000e+05 5.455876783696738119e-01
2.438000000000000000e+04 5.645748718515376449e-03 1.738596488640614979e+01 8.868620000000000000e+05 5.170429716322891833e-01
2.438100000000000000e+04 5.821505947597481641e-03 1.719007237423322465e+01 8.922090000000000000e+05 5.551816959193143219e-01
2.438100000000000000e+04 5.711644602782622523e-03 1.728991149069143773e+01 8.892360000000000000e+05 5.504479564089793664e-01
2.438200000000000000e+04 5.811484260987035376e-03 1.720456191301196114e+01 8.853160000000000000e+05 5.512839847287465123e-01
2.438200000000000000e+04 5.676574788085029730e-03 1.706245409294345450e+01 8.885640000000000000e+05 5.387694642541229761e-01
2.438300000000000000e+04 5.682169036950360241e-03 1.692428647587129120e+01 8.906810000000000000e+05 5.667957256260722776e-01
2.438300000000000000e+04 5.719269069300519232e-03 1.691767988225506159e+01 8.875260000000000000e+05 5.314734550533967150e-01
2.438400000000000000e+04 5.865720876013786299e-03 1.685535760690311591e+01 8.870180000000000000e+05 5.396514828374093797e-01
2.438400000000000000e+04 5.975936115337039667e-03 1.688176415253859020e+01 8.867230000000000000e+05 5.400182201220532496e-01
2.438500000000000000e+04 6.100364413823714492e-03 1.694376201533050619e+01 8.830620000000000000e+05 5.513343523773100996e-01
2.438500000000000000e+04 5.889512207548120576e-03 1.693572610789345845e+01 8.832650000000000000e+05 5.367486668059965327e-01
2.438600000000000000e+04 6.000077113068150690e-03 1.669013397404902577e+01 8.818220000000000000e+05 5.455889805448637109e-01
2.438600000000000000e+04 6.140380483085264469e-03 1.684888819822156591e+01 8.888700000000000000e+05 5.660987914917215980e-01
2.438700000000000000e+04 6.102448472628144854e-03 1.645670022216299699e+01 8.807940000000000000e+05 5.630184150234164298e-01
2.438700000000000000e+04 6.108872221248814842e-03 1.652631888748057065e+01 8.846150000000000000e+05 5.479804936701151430e-01
2.438800000000000000e+04 6.259818236959848771e-03 1.650029629627732675e+01 8.803770000000000000e+05 5.471178169922507051e-01
2.438800000000000000e+04 6.440152518018178902e-03 1.640160528432983966e+01 8.838300000000000000e+05 5.575114790566738643e-01
2.438900000000000000e+04 6.377662317058666736e-03 1.626177569761249586e+01 8.824550000000000000e+05 5.662110960569292084e-01
2.438900000000000000e+04 6.282252381277141258e-03 1.621023418009867711e+01 8.797800000000000000e+05 5.502693430477061387e-01
2.439000000000000000e+04 6.433706866851612166e-03 1.619916595458089148e+01 8.823840000000000000e+05 5.524904000950359162e-01
2.439000000000000000e+04 6.242139044244238329e-03 1.610650184004702723e+01 8.793460000000000000e+05 5.457562199447517637e-01
2.439100000000000000e+04 6.487067419734208334e-03 1.615887128949704632e+01 8.783630000000000000e+05 5.544773502862393455e-01
2.439100000000000000e+04 6.540196398751160420e-03 1.614512439337185157e+01 8.814720000000000000e+05 5.312679203753354340e-01
2.439200000000000000e+04 6.588753483672861455e-03 1.619278995268906485e+01 8.808950000000000000e+05 5.381680615866311079e-01
2.439200000000000000e+04 6.596871042105189806e-03 1.609395978006083894e+01 8.779920000000000000e+05 5.534978428450633148e-01
2.439300000000000000e+04 6.584251392054875709e-03 1.595056865928045475e+01 8.769410000000000000e+05 5.419798663220911639e-01
2.439300000000000000e+04 6.553259348233039273e-03 1.588434858801463179e+01 8.766630000000000000e+05 5.513659611958132700e-01
2.439400000000000000e+04 6.557219903090980885e-03 1.589922713723271741e+01 8.762860000000000000e+05 5.626168708436605215e-01
2.439400000000000000e+04 6.548919342664349420e-03 1.581712397061221509e+01 8.757170000000000000e+05 5.654901421985435439e-01
2.439500000000000000e+04 6.706367572324567483e-03 1.588180358608277132e+01 8.772260000000000000e+05 5.582257104375381029e-01
2.439500000000000000e+04 6.621497819042024800e-03 1.592686837346266238e+01 8.775960000000000000e+05 5.422578646827121984e-01
2.439600000000000000e+04 6.499607478695362990e-03 1.590747291185412671e+01 8.802070000000000000e+05 5.553660783120212274e-01
2.439600000000000000e+04 6.458611558043184098e-03 1.583317070708561403e+01 8.775880000000000000e+05 5.706144680872704544e-01
2.439700000000000000e+04 6.526589683462120407e-03 1.602490233993286850e+01 8.793260000000000000e+05 5.545979154928100119e-01
2.439700000000000000e+04 6.544701905255809540e-03 1.593362992347378260e+01 8.735310000000000000e+05 5.498511749838947971e-01
2.439800000000000000e+04 6.599772184793645941e-03 1.598010702431066044e+01 8.735150000000000000e+05 5.670718185206398143e-01
2.439800000000000000e+04 6.498764730743387431e-03 1.612153519444603234e+01 8.730890000000000000e+05 5.371421387496257971e-01
2.439900000000000000e+04 6.589322691680056000e-03 1.632459622393512788e+01 8.750520000000000000e+05 5.527327338093352971e-01
2.439900000000000000e+04 6.694625677887960230e-03 1.637164017312643338e+01 8.753290000000000000e+05 5.540318245272429776e-01
2.440000000000000000e+04 6.554623194989721291e-03 1.633653253406264128e+01 8.738870000000000000e+05 5.441326349848321087e-01
2.440200000000000000e+04 6.466257724921789692e-03 1.682224929261558799e+01 8.731480000000000000e+05 5.557097698786519491e-01
2.440400000000000000e+04 6.207797489995495709e-03 1.733341035507727668e+01 8.703570000000000000e+05 5.701202694994333964e-01
2.440600000000000000e+04 6.210101734827171323e-03 1.777412922154290342e+01 8.697120000000000000e+05 5.595914047758153709e-01
2.440800000000000000e+04 5.880876559157613599e-03 1.773995996003619524e+01 8.685780000000000000e+05 5.755581319261099393e-01
2.441000000000000000e+04 6.085452048987716536e-03 1.776259566242172738e+01 8.681360000000000000e+05 5.702498746736640589e-01
2.441200000000000000e+04 6.040256125233118938e-03 1.785646856050202658e+01 8.708240000000000000e+05 5.664674386398186323e-01
2.441400000000000000e+04 5.988783865009526808e-03 1.752685880984066458e+01 8.667870000000000000e+05 5.656187427663490475e-01
2.441600000000000000e+04 6.186413887472310899e-03 1.742149272751442979e+01 8.667380000000000000e+05 5.704980971766838715e-01
2.441800000000000000e+04 6.001222193085724993e-03 1.757340956098787643e+01 8.656570000000000000e+05 5.646262270581137166e-01
2.442000000000000000e+04 6.270396701396918106e-03 1.751071783366487367e+01 8.653360000000000000e+05 5.568280187298733086e-01
2.442200000000000000e+04 6.267908722282546259e-03 1.763347706563619255e+01 8.675940000000000000e+05 5.743930755916223374e-01
2.442400000000000000e+04 6.354347790854081648e-03 1.780917872336424779e+01 8.638180000000000000e+05 5.590563187355864772e-01
2.442600000000000000e+04 6.144427045208161915e-03 1.736477911301959409e+01 8.633840000000000000e+05 5.710953444875436213e-01
2.442800000000000000e+04 6.067888045901387306e-03 1.720627482351062554e+01 8.630680000000000000e+05 5.617231901726065235e-01
2.443000000000000000e+04 6.387750725880739396e-03 1.741000637055459421e+01 8.627450000000000000e+05 5.743592852755671219e-01
2.443200000000000000e+04 6.506727018917292556e-03 1.723676565511141945e+01 8.624920000000000000e+05 5.855440948025382175e-01
2.443400000000000000e+04 6.578726001283254771e-03 1.703757120034668304e+01 8.618690000000000000e+05 5.690769998871632041e-01
2.443600000000000000e+04 6.381864684035577426e-03 1.677137536419628816e+01 8.613470000000000000e+05 5.751976146400566980e-01
2.443800000000000000e+04 6.619262308888843212e-03 1.685416303763011925e+01 8.608210000000000000e+05 5.726768845769634186e-01
2.444000000000000000e+04 6.409883687125124060e-03 1.669289262947469155e+01 8.599220000000000000e+05 5.644369473814814242e-01
2.444200000000000000e+04 6.459934795832837640e-03 1.655264710582019561e+01 8.597610000000000000e+05 5.790789287415870623e-01
2.444400000000000000e+04 6.533154302390717719e-03 1.689244341574281094e+01 8.586970000000000000e+05 5.750862609813417459e-01
2.444600000000000000e+04 6.596916081497049104e-03 1.681002231188072926e+01 8.585830000000000000e+05 5.709248732343710220e-01
2.444800000000000000e+04 6.589707094339031582e-03 1.668930589127001340e+01 8.578530000000000000e+05 5.750078625316035197e-01
2.445000000000000000e+04 6.546929383939899781e-03 1.689561630710966611e+01 8.570430000000000000e+05 5.729121334168985058e-01
2.445200000000000000e+04 6.411790596429617177e-03 1.675025226920286059e+01 8.565470000000000000e+05 5.736327033299458700e-01
2.445400000000000000e+04 6.503732846127366872e-03 1.652670441759523356e+01 8.565850000000000000e+05 5.753173573570306010e-01
2.445600000000000000e+04 6.501276556996777103e-03 1.667040866582062364e+01 8.566010000000000000e+05 5.813342323407890699e-01
2.445800000000000000e+04 6.598542875338133350e-03 1.685387579014271964e+01 8.557950000000000000e+05 5.775985435147791280e-01
2.446000000000000000e+04 6.666775830247517222e-03 1.697326277389019467e+01 8.549860000000000000e+05 5.810736222588472888e-01
2.446200000000000000e+04 6.460542372008850481e-03 1.678056055909529576e+01 8.547270000000000000e+05 5.873104249303147117e-01
2.446400000000000000e+04 6.515073494991075603e-03 1.707728981929417245e+01 8.544800000000000000e+05 5.660186432120954958e-01
2.446600000000000000e+04 6.419235453949196507e-03 1.726741799833649083e+01 8.538400000000000000e+05 5.682392863135685701e-01
2.446800000000000000e+04 6.417277682563804833e-03 1.718077398182825632e+01 8.536330000000000000e+05 5.608010247183581320e-01
2.447000000000000000e+04 6.370322783341021700e-03 1.738904848069426379e+01 8.530180000000000000e+05 5.747521068896334073e-01
2.447200000000000000e+04 6.228797454990808377e-03 1.733002145925270554e+01 8.524920000000000000e+05 5.894662700044346337e-01
2.447400000000000000e+04 6.346259028777047513e-03 1.720086130103999622e+01 8.519980000000000000e+05 5.789593515068572893e-01
2.447600000000000000e+04 6.267132099724226184e-03 1.708870061152885000e+01 8.511070000000000000e+05 5.921027179705251609e-01
2.447800000000000000e+04 6.240818005523857820e-03 1.745072550962833802e+01 8.508500000000000000e+05 5.830626186958968171e-01
2.448000000000000000e+04 6.357809468111522491e-03 1.726562628964449431e+01 8.498210000000000000e+05 5.963462961403539486e-01
2.448200000000000000e+04 6.224090809579079821e-03 1.718195231672403622e+01 8.496020000000000000e+05 5.858191267597205876e-01
2.448400000000000000e+04 6.358362441969185423e-03 1.701971863295699450e+01 8.491180000000000000e+05 5.822075111216153953e-01
2.448600000000000000e+04 6.245631652705633217e-03 1.727463092591980143e+01 8.484330000000000000e+05 5.927678038262884641e-01
2.448800000000000000e+04 6.454732919019626376e-03 1.767432796547157636e+01 8.457360000000000000e+05 5.943337742667803569e-01
2.449000000000000000e+04 6.510894566465517432e-03 1.753075095064115985e+01 8.473490000000000000e+05 6.115781337828516406e-01
2.449200000000000000e+04 6.412875826410659695e-03 1.752407821106888619e+01 8.467340000000000000e+05 6.035001119873633080e-01
2.449400000000000000e+04 6.536993196408400451e-03 1.771289648248956539e+01 8.439660000000000000e+05 6.103133630405525034e-01
2.449600000000000000e+04 6.475538169726263726e-03 1.758168172603899038e+01 8.456440000000000000e+05 5.905817431354781766e-01
2.449800000000000000e+04 6.479594070053412702e-03 1.770145777230665729e+01 8.452690000000000000e+05 6.075318118464210215e-01
2.450000000000000000e+04 6.638530529528123732e-03 1.794296476174707777e+01 8.428070000000000000e+05 6.108370719933046145e-01
2.450200000000000000e+04 6.594653479743460903e-03 1.768045269077749282e+01 8.390130000000000000e+05 5.999099816249966466e-01
2.450400000000000000e+04 6.640899090206342850e-03 1.760827235829523474e+01 8.408500000000000000e+05 5.886601975000700371e-01
2.450600000000000000e+04 6.520774786496074879e-03 1.757073215907310626e+01 8.408510000000000000e+05 6.096995936206416333e-01
2.450800000000000000e+04 6.551277807635410254e-03 1.782654545705908689e+01 8.428890000000000000e+05 5.943093575083269187e-01
2.451000000000000000e+04 6.641919692178738406e-03 1.770475328998337261e+01 8.399680000000000000e+05 6.084258241240262377e-01
2.451200000000000000e+04 6.774035163638467659e-03 1.783724055108344331e+01 8.411530000000000000e+05 5.945533937474252184e-01
2.451400000000000000e+04 6.743438986135680095e-03 1.775964740863281577e+01 8.345890000000000000e+05 6.020276302651210720e-01
2.451600000000000000e+04 6.775771512626830619e-03 1.787261238624757453e+01 8.375430000000000000e+05 5.902435571714352847e-01
2.451800000000000000e+04 6.496675519955899883e-03 1.775816141134877668e+01 8.339650000000000000e+05 6.017909483232968260e-01
2.452000000000000000e+04 6.684082967240475258e-03 1.770407403330343854e+01 8.367640000000000000e+05 6.071054842737871882e-01
2.452200000000000000e+04 6.660892617032199495e-03 1.753212746826243063e+01 8.359240000000000000e+05 6.174463912202619031e-01
2.452400000000000000e+04 6.718431631697743996e-03 1.757382106098858188e+01 8.353140000000000000e+05 6.030259375493021157e-01
2.452600000000000000e+04 6.655306988856715851e-03 1.763845604543349310e+01 8.286620000000000000e+05 5.936955079428564153e-01
2.452800000000000000e+04 6.710461341198810555e-03 1.752511325426058519e+01 8.282590000000000000e+05 6.196774881664267598e-01
2.453000000000000000e+04 6.634276450734575246e-03 1.749201577893780168e+01 8.278220000000000000e+05 5.938455728507785469e-01
2.453200000000000000e+04 6.780398221534902382e-03 1.753462427322694950e+01 8.276800000000000000e+05 5.932250134866311475e-01
2.453400000000000000e+04 6.955997778533310957e-03 1.779538092102436053e+01 8.264810000000000000e+05 6.136885593290720697e-01
2.453600000000000000e+04 6.638932832397534747e-03 1.764944809249800173e+01 8.261870000000000000e+05 5.910495528166004320e-01
2.453800000000000000e+04 6.817427214936812307e-03 1.754319069403996423e+01 8.252380000000000000e+05 6.019716292701359217e-01
2.454000000000000000e+04 6.795679949774755153e-03 1.790228331711938381e+01 8.250830000000000000e+05 5.982028517682705937e-01
2.454200000000000000e+04 6.780619245603042126e-03 1.781139887938929434e+01 8.242610000000000000e+05 6.090175458623782179e-01
2.454400000000000000e+04 6.745211118554557753e-03 1.776534109268385464e+01 8.239920000000000000e+05 6.113228630027549571e-01
2.454600000000000000e+04 6.691785654006385080e-03 1.791826368152995030e+01 8.235470000000000000e+05 6.212899447675683806e-01
2.454800000000000000e+04 6.467567978125459555e-03 1.771683742723775268e+01 8.228750000000000000e+05 6.333178173107500974e-01
2.455000000000000000e+04 6.588990879212773197e-03 1.811010386876567679e+01 8.227360000000000000e+05 6.141684714873772988e-01
2.455200000000000000e+04 6.839437511028903516e-03 1.835534275952277028e+01 8.217050000000000000e+05 6.161647557885375770e-01
2.455400000000000000e+04 6.757439945034121771e-03 1.814502931193278457e+01 8.208730000000000000e+05 5.971270177147112168e-01
2.455600000000000000e+04 6.736231318721485478e-03 1.830342865791507023e+01 8.203400000000000000e+05 6.139180860799986483e-01
2.455800000000000000e+04 6.816773897731329308e-03 1.853005565929591469e+01 8.200360000000000000e+05 6.008270903123866802e-01
2.456000000000000000e+04 6.601449974417256637e-03 1.824261939348672357e+01 8.189110000000000000e+05 6.157787603005111521e-01
2.456200000000000000e+04 6.604038651828168273e-03 1.832129472365922496e+01 8.185900000000000000e+05 6.228971352022611985e-01
2.456400000000000000e+04 6.762017799801717417e-03 1.836830027635793883e+01 8.180990000000000000e+05 6.113210070250743033e-01
2.456600000000000000e+04 6.515223375594693042e-03 1.849756008826483011e+01 8.180840000000000000e+05 6.068552002265467094e-01
2.456800000000000000e+04 6.661300109614759317e-03 1.830382548145401600e+01 8.174080000000000000e+05 6.244894638371734086e-01
2.457000000000000000e+04 6.620250782626541965e-03 1.866709134056348063e+01 8.183980000000000000e+05 6.026667158334908514e-01
2.457200000000000000e+04 6.704249242625140263e-03 1.829856162444699663e+01 8.182870000000000000e+05 6.247904787074424204e-01
2.457400000000000000e+04 6.553873204562758216e-03 1.836607191051036736e+01 8.178370000000000000e+05 6.316020456096729241e-01
2.457600000000000000e+04 6.745172710440944588e-03 1.844421841871778867e+01 8.171770000000000000e+05 6.362796836105277798e-01
2.457800000000000000e+04 6.545125986941573333e-03 1.830593824447505114e+01 8.167910000000000000e+05 6.306614604720671702e-01
2.458000000000000000e+04 6.648950833048472044e-03 1.847805024895164294e+01 8.162190000000000000e+05 6.236013270817206688e-01
2.458200000000000000e+04 6.656989716605929419e-03 1.840305137283901971e+01 8.156840000000000000e+05 6.390432101370824292e-01
2.458400000000000000e+04 6.601931739952626201e-03 1.828512827971686860e+01 8.149130000000000000e+05 6.213814467904681393e-01
2.458600000000000000e+04 6.579133101017922355e-03 1.812574413822560260e+01 8.146970000000000000e+05 6.257611914473611980e-01
2.458800000000000000e+04 6.683228987427982520e-03 1.837659787456816574e+01 8.118830000000000000e+05 6.328482583155817798e-01
2.459000000000000000e+04 6.657586475396840876e-03 1.832264400875612864e+01 8.193660000000000000e+05 6.241203556963300647e-01
2.459200000000000000e+04 6.668127139942047789e-03 1.833158274538381249e+01 8.125220000000000000e+05 6.378679367559654256e-01
2.459400000000000000e+04 6.738918141712376200e-03 1.852992455016434548e+01 8.151160000000000000e+05 6.338790866220652687e-01
2.459600000000000000e+04 6.790514953541509739e-03 1.825563846978229421e+01 8.120150000000000000e+05 6.212817011462966610e-01
2.459800000000000000e+04 6.653871075418688226e-03 1.819366657387705999e+01 8.148640000000000000e+05 6.241975709445214404e-01
2.460000000000000000e+04 6.696963912505089073e-03 1.829805512349058816e+01 8.172360000000000000e+05 6.379020049516094248e-01
2.460200000000000000e+04 6.740250292466651305e-03 1.811696353237304535e+01 8.137680000000000000e+05 6.193204447118786371e-01
2.460400000000000000e+04 6.916276205389797899e-03 1.849366621670302990e+01 8.167690000000000000e+05 6.343497386445735575e-01
2.460600000000000000e+04 6.802863404951267103e-03 1.810389273678620015e+01 8.125990000000000000e+05 6.189155235899180818e-01
2.460800000000000000e+04 6.673914654938126710e-03 1.852046982677051545e+01 8.094200000000000000e+05 6.225007796145607397e-01
2.461000000000000000e+04 6.558926029548883818e-03 1.812189646806172760e+01 8.149200000000000000e+05 6.490642675652120719e-01
2.461200000000000000e+04 6.851152801356143879e-03 1.871603817085795285e+01 8.087690000000000000e+05 6.334359240524259915e-01
2.461400000000000000e+04 6.875263428882489800e-03 1.847735525388175404e+01 8.137870000000000000e+05 6.473145476270319998e-01
2.461600000000000000e+04 6.893057891777133218e-03 1.840007859025124404e+01 8.073340000000000000e+05 6.207505625196375609e-01
2.461800000000000000e+04 6.761940113833228572e-03 1.853510291536851540e+01 8.082000000000000000e+05 6.250763494418316579e-01
2.462000000000000000e+04 6.748123599032200548e-03 1.844734411054501777e+01 8.092620000000000000e+05 6.459102521689100707e-01
2.462200000000000000e+04 6.680030863355210236e-03 1.841094216651195126e+01 8.061340000000000000e+05 6.317227324280306755e-01
2.462400000000000000e+04 6.859654933307520429e-03 1.830621714012460188e+01 8.061630000000000000e+05 6.544947011495094724e-01
2.462600000000000000e+04 6.874799701547545765e-03 1.854866748638217189e+01 8.081690000000000000e+05 6.515461640399274890e-01
2.462800000000000000e+04 6.773480841382063973e-03 1.865307762882074627e+01 8.051990000000000000e+05 6.299599388622614260e-01
2.463000000000000000e+04 6.896577364354928262e-03 1.854504460914100861e+01 8.069220000000000000e+05 6.396795162874194807e-01
2.463200000000000000e+04 6.849255458952339080e-03 1.887820329603956182e+01 8.043210000000000000e+05 6.451652335200060984e-01
2.463400000000000000e+04 6.890849296863567688e-03 1.908773700219654756e+01 8.006270000000000000e+05 6.446919706566708319e-01
2.463600000000000000e+04 6.954584117618404365e-03 1.895087901153747723e+01 8.006230000000000000e+05 6.459671263646894479e-01
2.463800000000000000e+04 7.073858859139399088e-03 1.901471699401910698e+01 8.028150000000000000e+05 6.473386017478452992e-01
2.464000000000000000e+04 6.902290118235844887e-03 1.883570937879615670e+01 8.016180000000000000e+05 6.449300499980709089e-01
2.464200000000000000e+04 6.735489423880460132e-03 1.892352186309995687e+01 7.993480000000000000e+05 6.493086703058459364e-01
2.464400000000000000e+04 6.803195063080084287e-03 1.870667373943227219e+01 8.037400000000000000e+05 6.531725351397442703e-01
2.464600000000000000e+04 6.635143284882874699e-03 1.882209807434252724e+01 8.008870000000000000e+05 6.377179118603285568e-01
2.464800000000000000e+04 6.632454308715408572e-03 1.881248658590346068e+01 7.983470000000000000e+05 6.288356051915553468e-01
2.465000000000000000e+04 6.724033474614737188e-03 1.889324055342531494e+01 8.038330000000000000e+05 6.590423820608493077e-01
2.465200000000000000e+04 6.884125162266898322e-03 1.871250332439426600e+01 7.980680000000000000e+05 6.508472000954059755e-01
2.465400000000000000e+04 6.808586140672479893e-03 1.873333045217851733e+01 8.003130000000000000e+05 6.649037732491835939e-01
2.465600000000000000e+04 6.665711634164412334e-03 1.894169030286196431e+01 8.027650000000000000e+05 6.562638958623752128e-01
2.465800000000000000e+04 6.805572062125856726e-03 1.875407718497525522e+01 7.993450000000000000e+05 6.553710524517400993e-01
2.466000000000000000e+04 6.701706469262121331e-03 1.896424006716796740e+01 7.989010000000000000e+05 6.439026567098532494e-01
2.466200000000000000e+04 6.837201465292868686e-03 1.915337069669303460e+01 8.012050000000000000e+05 6.537811209483935793e-01
2.466400000000000000e+04 6.850995873545995436e-03 1.914904599660065898e+01 7.946290000000000000e+05 6.406063046888940127e-01
2.466600000000000000e+04 6.927392797216987835e-03 1.929957156231427362e+01 7.974140000000000000e+05 6.488649769493237685e-01
2.466800000000000000e+04 6.914370974198441946e-03 1.913011981188566324e+01 7.968910000000000000e+05 6.557430062462286102e-01
2.467000000000000000e+04 6.762382317594631091e-03 1.912807862623575161e+01 7.963170000000000000e+05 6.643106487939453020e-01
2.467200000000000000e+04 6.808166281105138343e-03 1.901642303103572473e+01 7.958090000000000000e+05 6.462503395847963850e-01
2.467400000000000000e+04 6.970019745667779300e-03 1.905560297376273127e+01 7.961240000000000000e+05 6.566845982605954424e-01
2.467600000000000000e+04 7.001778667529674934e-03 1.925453887481406312e+01 7.972260000000000000e+05 6.313849629772592120e-01
2.467800000000000000e+04 7.031347883829907122e-03 1.931291700083412266e+01 7.981400000000000000e+05 6.443988788822713198e-01
2.468000000000000000e+04 7.057820463792454334e-03 1.949983245744970617e+01 7.975550000000000000e+05 6.778074590264083765e-01
2.468200000000000000e+04 7.191054268019269648e-03 1.939223989314901431e+01 7.937640000000000000e+05 6.421235338643788149e-01
2.468400000000000000e+04 7.054102378656380151e-03 1.930118211933267602e+01 7.964160000000000000e+05 6.532470036020274762e-01
2.468600000000000000e+04 7.036804605175296830e-03 1.966772173795879297e+01 7.935420000000000000e+05 6.712242856073301622e-01
2.468800000000000000e+04 6.926583245965364441e-03 1.933352887291358613e+01 7.954860000000000000e+05 6.594917085800015011e-01
2.469000000000000000e+04 7.047381188623056542e-03 1.943741985442729003e+01 7.951890000000000000e+05 6.756246871754488792e-01
2.469200000000000000e+04 6.875716746740225677e-03 1.949060599746414013e+01 7.917720000000000000e+05 6.686387068856634031e-01
2.469400000000000000e+04 7.122935319029094318e-03 1.945559491974403343e+01 7.884390000000000000e+05 6.771596112665158040e-01
2.469600000000000000e+04 6.849825972952177516e-03 1.933176656284714667e+01 7.909690000000000000e+05 6.650875125878751293e-01
2.469800000000000000e+04 6.884620860754010752e-03 1.913512683025801309e+01 7.936530000000000000e+05 6.807566620824700987e-01
2.470000000000000000e+04 6.809035498040788038e-03 1.887946808382161734e+01 7.929170000000000000e+05 6.704703188441899497e-01
2.470200000000000000e+04 6.937461915869859788e-03 1.943830773973724746e+01 7.926530000000000000e+05 6.827681593447917363e-01
2.470400000000000000e+04 6.858771374287521601e-03 1.913209612226349421e+01 7.895000000000000000e+05 6.759679134759868369e-01
2.470600000000000000e+04 6.907891413503607428e-03 1.919469694662105752e+01 7.918480000000000000e+05 6.967850149520046221e-01
2.470800000000000000e+04 6.796321661158986199e-03 1.895390209133919157e+01 7.855720000000000000e+05 6.716766078326497080e-01
2.471000000000000000e+04 7.039190448715105727e-03 1.928931852357109733e+01 7.885850000000000000e+05 6.690825626024486938e-01
2.471200000000000000e+04 7.219771888227497457e-03 1.949785752149703200e+01 7.874210000000000000e+05 6.684666308225301057e-01
2.471400000000000000e+04 6.778118900455460706e-03 1.911742805211559215e+01 7.869440000000000000e+05 6.763245851506436424e-01
2.471600000000000000e+04 6.878469806584235069e-03 1.946239678704296594e+01 7.891290000000000000e+05 6.886779830952244330e-01
2.471800000000000000e+04 7.100263169904283238e-03 1.941177659331370720e+01 7.888440000000000000e+05 6.751990556186495684e-01
2.472000000000000000e+04 7.029038556940953898e-03 1.951626417542737713e+01 7.881590000000000000e+05 6.977194565872200105e-01
2.472200000000000000e+04 7.006078448790013617e-03 1.939739761268527829e+01 7.880300000000000000e+05 6.587041882020171490e-01
2.472400000000000000e+04 7.226494521379701538e-03 1.931920613841612067e+01 7.872420000000000000e+05 6.836373097348018568e-01
2.472600000000000000e+04 7.117338288206495091e-03 1.951554572374770657e+01 7.873730000000000000e+05 6.852325670569739957e-01
2.472800000000000000e+04 6.968413530069448095e-03 1.980949775112974720e+01 7.808090000000000000e+05 6.625309903786187338e-01
2.473000000000000000e+04 7.220403061698837249e-03 1.978003581226223062e+01 7.744720000000000000e+05 6.780698605950035152e-01
2.473200000000000000e+04 7.128573568781213995e-03 1.978953531837627366e+01 7.676150000000000000e+05 7.042393970832440120e-01
2.473400000000000000e+04 7.192008084106967652e-03 1.964689030270931625e+01 7.554030000000000000e+05 7.096356036757978103e-01
2.473600000000000000e+04 7.259909976388295889e-03 2.013072034766982554e+01 7.423110000000000000e+05 7.113696952711583421e-01
2.473800000000000000e+04 7.361805978271541810e-03 2.041025617543111537e+01 7.268610000000000000e+05 7.164849462451575723e-01
2.474000000000000000e+04 7.376496391712041023e-03 2.060817837292238153e+01 7.227040000000000000e+05 7.111951484672379697e-01
2.474200000000000000e+04 7.407145574367605956e-03 2.045919687455168301e+01 7.219950000000000000e+05 7.149020865025721427e-01
2.474400000000000000e+04 7.361357922808286179e-03 2.071146037254709782e+01 7.202390000000000000e+05 7.392129758904846248e-01
2.474600000000000000e+04 7.338374159128394428e-03 2.045743690305596019e+01 7.210550000000000000e+05 7.305187242736301823e-01
2.474800000000000000e+04 7.515180570403052693e-03 2.086252334586149360e+01 7.197040000000000000e+05 7.382501962021007502e-01
2.475000000000000000e+04 7.354719577033413253e-03 2.052672838672963707e+01 7.208200000000000000e+05 7.220293066021096218e-01
2.475200000000000000e+04 7.485148168279252140e-03 2.060563690292754302e+01 7.201190000000000000e+05 7.165310706769486560e-01
2.475400000000000000e+04 7.391883460941324306e-03 2.059388189209334286e+01 7.203410000000000000e+05 7.171547918175104064e-01
2.475600000000000000e+04 7.671448007588280681e-03 2.108870279184335317e+01 7.198000000000000000e+05 7.455906970446939397e-01
2.475800000000000000e+04 7.339123192007081589e-03 2.099381583597566348e+01 7.195300000000000000e+05 7.465529864892416212e-01
2.476000000000000000e+04 7.743255004768952697e-03 2.085110441355907085e+01 7.190900000000000000e+05 7.184639706250358637e-01
2.476200000000000000e+04 7.534681572783761064e-03 2.115747454779629066e+01 7.182240000000000000e+05 7.388659307223901518e-01
2.476400000000000000e+04 7.464892532661435674e-03 2.073681919955440733e+01 7.177690000000000000e+05 7.164805900706657793e-01
2.476600000000000000e+04 7.452198277724478986e-03 2.121558024100941964e+01 7.174590000000000000e+05 7.445039681606159254e-01
2.476800000000000000e+04 7.337531856604795344e-03 2.077179325739518134e+01 7.167490000000000000e+05 7.293167611732996880e-01
2.477000000000000000e+04 7.431020032815078766e-03 2.084657979580886433e+01 7.171010000000000000e+05 7.430179675658760141e-01
2.477200000000000000e+04 7.219416619237075013e-03 2.099860033515616209e+01 7.162460000000000000e+05 7.219948399034054054e-01
2.477400000000000000e+04 7.557117552975764485e-03 2.102900576087813178e+01 7.166210000000000000e+05 7.324164665921397699e-01
2.477600000000000000e+04 7.440660377422155143e-03 2.111272031430801732e+01 7.150540000000000000e+05 7.164170693884415186e-01
2.477800000000000000e+04 7.496216730618072976e-03 2.100139303869445939e+01 7.154230000000000000e+05 7.327671557254420431e-01
2.478000000000000000e+04 7.384421403985478270e-03 2.098431425914196424e+01 7.140230000000000000e+05 7.235763522257446789e-01
2.478200000000000000e+04 7.426913933940309902e-03 2.117679648906642953e+01 7.128570000000000000e+05 7.354119754484295113e-01
2.478400000000000000e+04 7.485754201351704253e-03 2.114201306377157508e+01 7.126360000000000000e+05 7.397480930725439663e-01
2.478600000000000000e+04 7.427689381183827898e-03 2.108564230519523619e+01 7.120860000000000000e+05 7.549293742991733946e-01
2.478800000000000000e+04 7.544821732412910868e-03 2.104752916819135322e+01 7.139490000000000000e+05 7.531295324305210537e-01
2.479000000000000000e+04 7.365488772571251661e-03 2.096123518214434611e+01 7.090640000000000000e+05 7.438201728160848125e-01
2.479200000000000000e+04 7.469463183859711281e-03 2.130394733955434816e+01 7.115690000000000000e+05 7.541760174170009101e-01
2.479400000000000000e+04 7.787603551612908709e-03 2.231402286713028005e+01 7.110980000000000000e+05 7.663324534152992085e-01
2.479600000000000000e+04 8.052544922629564783e-03 2.242139981412887551e+01 7.106740000000000000e+05 8.029385188390144590e-01
2.479800000000000000e+04 7.928751085989537914e-03 2.200576521310225075e+01 7.110550000000000000e+05 7.746030878355653071e-01
2.480000000000000000e+04 6.894895581106689521e-03 1.999495895171719084e+01 8.205950000000000000e+05 7.186063823477084611e-01
2.480200000000000000e+04 7.035393793061925187e-03 2.020356216481185996e+01 8.200100000000000000e+05 7.320469349882823273e-01
2.480400000000000000e+04 6.994439849224442368e-03 2.031080468466212352e+01 8.227430000000000000e+05 7.217769761679859730e-01
2.480600000000000000e+04 7.094099586751279052e-03 2.064827758296607030e+01 8.193450000000000000e+05 7.190895487368315075e-01
2.480800000000000000e+04 7.149047394170557693e-03 2.061946016794626857e+01 8.188480000000000000e+05 7.332462259382122038e-01
2.481000000000000000e+04 7.351164968436426847e-03 2.042040071604673201e+01 8.220470000000000000e+05 7.273692290087959700e-01
2.481200000000000000e+04 7.401019217116391706e-03 2.057334256252178406e+01 8.180860000000000000e+05 7.046158382029250600e-01
2.481400000000000000e+04 7.352546964336351826e-03 2.079867036906272304e+01 8.183020000000000000e+05 7.324572732936691644e-01
2.481600000000000000e+04 7.237243436959243069e-03 2.109882887731834700e+01 8.231900000000000000e+05 7.253928710097584664e-01
2.481800000000000000e+04 7.234907470112703597e-03 2.089153920900590933e+01 8.225680000000000000e+05 7.360501507409782374e-01
2.482000000000000000e+04 7.420445511416565686e-03 2.107366828961937699e+01 8.167350000000000000e+05 7.450033165843917837e-01
2.482200000000000000e+04 7.333072603201306119e-03 2.083924832929794491e+01 8.190630000000000000e+05 7.273468672893674825e-01
2.482400000000000000e+04 7.105132886881435593e-03 2.089491422863730463e+01 8.159240000000000000e+05 7.325340386947276627e-01
2.482600000000000000e+04 7.141022310924585899e-03 2.061953108999445661e+01 8.120070000000000000e+05 7.252612642325401149e-01
2.482800000000000000e+04 7.180773567132489078e-03 2.067207850038459682e+01 8.116960000000000000e+05 7.357345974813227496e-01
2.483000000000000000e+04 7.286610749937705474e-03 2.067911216439933852e+01 8.148040000000000000e+05 7.448856588744974250e-01
2.483200000000000000e+04 7.123622154827216613e-03 2.063883470963845568e+01 8.142680000000000000e+05 7.448426406559830459e-01
2.483400000000000000e+04 7.260570818720338097e-03 2.081133945187213641e+01 8.139250000000000000e+05 7.404218074306911923e-01
2.483600000000000000e+04 7.368164795398595042e-03 2.066971643394815317e+01 8.132530000000000000e+05 7.406811039454248569e-01
2.483800000000000000e+04 6.972644189680247268e-03 2.063080861830451340e+01 8.127610000000000000e+05 7.632281020628008950e-01
2.484000000000000000e+04 7.089407719418208860e-03 2.058013498135474606e+01 8.095120000000000000e+05 7.452660762361233981e-01
2.484200000000000000e+04 7.215554980724552675e-03 2.061636866658478695e+01 8.145770000000000000e+05 7.282900867500443631e-01
2.484400000000000000e+04 7.240817597908701803e-03 2.042151335725268524e+01 8.110170000000000000e+05 7.436388256582578959e-01
2.484600000000000000e+04 7.321036860570786023e-03 2.090462550978447709e+01 8.105870000000000000e+05 7.441555162647018884e-01
2.484800000000000000e+04 7.072320888861270173e-03 2.056428346328683432e+01 8.103460000000000000e+05 7.462279540357356078e-01
2.485000000000000000e+04 7.414423192454785462e-03 2.112335449074018712e+01 8.104090000000000000e+05 7.613400742256470899e-01
2.485200000000000000e+04 7.330121152464503034e-03 2.082658923993250966e+01 8.070510000000000000e+05 7.388559182807622472e-01
2.485400000000000000e+04 7.146682944095740508e-03 2.135324617750668352e+01 8.064570000000000000e+05 7.596088211866652840e-01
2.485600000000000000e+04 7.145141790336069845e-03 2.083990120622372189e+01 8.082950000000000000e+05 7.471622136093647448e-01
2.485800000000000000e+04 7.427411522036837452e-03 2.098093007928313014e+01 8.055870000000000000e+05 7.452660473422864085e-01
2.486000000000000000e+04 7.071949480312253629e-03 2.066970274735201585e+01 8.048770000000000000e+05 7.236692517470731945e-01
2.486200000000000000e+04 7.381046400086526023e-03 2.088468325978810114e+01 8.069080000000000000e+05 7.452262772379076861e-01
2.486400000000000000e+04 7.124223894237878899e-03 2.084801092390616972e+01 8.038030000000000000e+05 7.476339022893325748e-01
2.486600000000000000e+04 7.003767312044579564e-03 2.028049379180851730e+01 8.038950000000000000e+05 7.155776495785060032e-01
2.486800000000000000e+04 6.664999671556395139e-03 2.003438003637973708e+01 8.033650000000000000e+05 7.267265302705980812e-01
2.487000000000000000e+04 6.920571224335868819e-03 2.006284137039704873e+01 8.026900000000000000e+05 7.308326882257484280e-01
2.487200000000000000e+04 7.038459796707541467e-03 2.021444856993999295e+01 8.025060000000000000e+05 7.220835714246413017e-01
2.487400000000000000e+04 7.001997551495257703e-03 2.016056470488619823e+01 8.015720000000000000e+05 7.055394684451817833e-01
2.487600000000000000e+04 7.072653934454165882e-03 2.032130308894259585e+01 8.010140000000000000e+05 7.400760666772562280e-01
2.487800000000000000e+04 6.975871763700127251e-03 2.025660424042716201e+01 8.005060000000000000e+05 7.192067030873360300e-01
2.488000000000000000e+04 6.815803917979919128e-03 2.023313617259331920e+01 8.000890000000000000e+05 7.373711124131554495e-01
2.488200000000000000e+04 7.046330843685970867e-03 2.008107904597844495e+01 7.996950000000000000e+05 7.197885070486614856e-01
2.488400000000000000e+04 6.967836181572689865e-03 2.007012913612711813e+01 7.997420000000000000e+05 7.398010864659545494e-01
2.488600000000000000e+04 6.871962661131304773e-03 1.995260654753396068e+01 8.012920000000000000e+05 7.400526797264332934e-01
2.488800000000000000e+04 6.838692897623553126e-03 1.966665483999512531e+01 7.984380000000000000e+05 7.203889410733715915e-01
2.489000000000000000e+04 6.800814516322351705e-03 2.019184864410780023e+01 7.989280000000000000e+05 7.363362623011796559e-01
2.489200000000000000e+04 6.895809737668260817e-03 1.958999972762544672e+01 7.998390000000000000e+05 7.316463962750174854e-01
2.489400000000000000e+04 6.780561948420170577e-03 1.978306300933425987e+01 7.970440000000000000e+05 7.214475479479594000e-01
2.489600000000000000e+04 6.866449347804850188e-03 1.998109368556225718e+01 7.937510000000000000e+05 7.412347844250533058e-01
2.489800000000000000e+04 6.791986172136481141e-03 1.994649132909293243e+01 7.958340000000000000e+05 7.389467062453539681e-01
2.490000000000000000e+04 6.940782744857698465e-03 1.994872317100416481e+01 7.982650000000000000e+05 7.380190222669757993e-01
2.490200000000000000e+04 6.996717565354145831e-03 2.012409233574919298e+01 7.982480000000000000e+05 7.272832819728067832e-01
2.490400000000000000e+04 6.747187744611150492e-03 2.011490023883558820e+01 7.976270000000000000e+05 7.309750239886877443e-01
2.490600000000000000e+04 6.855311159877274831e-03 2.001923272424705758e+01 7.942430000000000000e+05 7.110887008967584633e-01
2.490800000000000000e+04 7.041755066785412506e-03 2.003354280761291051e+01 7.946480000000000000e+05 7.241024661477460933e-01
2.491000000000000000e+04 6.979144548081590155e-03 2.023866072459026100e+01 7.938740000000000000e+05 7.396648689260170162e-01
2.491200000000000000e+04 6.796921710428880693e-03 2.013313754516097376e+01 7.929220000000000000e+05 7.514585315989836811e-01
2.491400000000000000e+04 6.938795982119682661e-03 2.028252724407253282e+01 7.928600000000000000e+05 7.562638146371862824e-01
2.491600000000000000e+04 7.243854660647757945e-03 2.031047640259988896e+01 7.896230000000000000e+05 7.375380549743010272e-01
2.491800000000000000e+04 6.949649457887794972e-03 2.028084325692427115e+01 7.942790000000000000e+05 7.432313145962726741e-01
2.492000000000000000e+04 7.027008630236827522e-03 2.055412629277336478e+01 7.914960000000000000e+05 7.501225052316680131e-01
2.492200000000000000e+04 7.060519836683565656e-03 2.051223082107387086e+01 7.914030000000000000e+05 7.400405419530966533e-01
2.492400000000000000e+04 6.957920811439106262e-03 2.027777794703554903e+01 7.929610000000000000e+05 7.359139180843112804e-01
2.492600000000000000e+04 6.983810521732858323e-03 2.067156253004188926e+01 7.897130000000000000e+05 7.271574133658422756e-01
2.492800000000000000e+04 6.991704140780229115e-03 2.039976799484126602e+01 7.921300000000000000e+05 7.493564951155207154e-01
2.493000000000000000e+04 7.120694714651870129e-03 2.040089456772678034e+01 7.891120000000000000e+05 7.577048296914669079e-01
2.493200000000000000e+04 6.980628229227849382e-03 2.039859141253768726e+01 7.887900000000000000e+05 7.325073665335350981e-01
2.493400000000000000e+04 6.947815046266940346e-03 2.028925136238121496e+01 7.906570000000000000e+05 7.517089185561316445e-01
2.493600000000000000e+04 7.033897690650720534e-03 2.031529680644090874e+01 7.911030000000000000e+05 7.271202013051901725e-01
2.493800000000000000e+04 7.168235019812281388e-03 2.065533906553010368e+01 7.900480000000000000e+05 7.519990310493452901e-01
2.494000000000000000e+04 7.001660921176156016e-03 2.058794220106048556e+01 7.894770000000000000e+05 7.311031059540940014e-01
2.494200000000000000e+04 7.109335956555763898e-03 2.102747451691726255e+01 7.861970000000000000e+05 7.427326836948635602e-01
2.494400000000000000e+04 7.013762636929329365e-03 2.105073797043464978e+01 7.864610000000000000e+05 7.443225678145667379e-01
2.494600000000000000e+04 7.062401643126289472e-03 2.116403041616252523e+01 7.831400000000000000e+05 7.534012883205196687e-01
2.494800000000000000e+04 7.415735206585812381e-03 2.081399120096346778e+01 7.849980000000000000e+05 7.393117072477038976e-01
2.495000000000000000e+04 7.331333639353781496e-03 2.104227472443594138e+01 7.815410000000000000e+05 7.363052697958932802e-01
2.495200000000000000e+04 7.075967115685606774e-03 2.052150778861271974e+01 7.816480000000000000e+05 7.269779288919854254e-01
2.495400000000000000e+04 7.149644281929751384e-03 2.067779944397174674e+01 7.816030000000000000e+05 7.396050466877270857e-01
2.495600000000000000e+04 7.061845846641864009e-03 2.044271311738494035e+01 7.782550000000000000e+05 7.199184760952527240e-01
2.495800000000000000e+04 7.148841033121155521e-03 2.049708703195791060e+01 7.829930000000000000e+05 7.344259793973901829e-01
2.496000000000000000e+04 7.076641120405450201e-03 2.030341423041356208e+01 7.827670000000000000e+05 7.302794117105012583e-01
2.496200000000000000e+04 6.938091658525064737e-03 2.035348257852562526e+01 7.799560000000000000e+05 7.373846090451315893e-01
2.496400000000000000e+04 6.962670338967472811e-03 2.059437988474901005e+01 7.775410000000000000e+05 7.581858175732505423e-01
2.496600000000000000e+04 7.073958930867210552e-03 2.026096522785367782e+01 7.821620000000000000e+05 7.608953327395503452e-01
2.496800000000000000e+04 6.865185744627850910e-03 2.051448461731019890e+01 7.793210000000000000e+05 7.617510684446805458e-01
2.497000000000000000e+04 6.871745603020911267e-03 2.023336528604999529e+01 7.813970000000000000e+05 7.527351252897891420e-01
2.497200000000000000e+04 7.038829182779247386e-03 2.021475078032376160e+01 7.832970000000000000e+05 7.578129846349835885e-01
2.497400000000000000e+04 6.959837917966088527e-03 2.025294951523925846e+01 7.853990000000000000e+05 7.400476388411978412e-01
2.497600000000000000e+04 7.201760269994007813e-03 2.038746121400687272e+01 7.874840000000000000e+05 7.651021507591992954e-01
2.497800000000000000e+04 6.965106331447984064e-03 2.012163933969210561e+01 7.869330000000000000e+05 7.526742192200898129e-01
2.498000000000000000e+04 7.239265364516599133e-03 2.057018744809441557e+01 7.816330000000000000e+05 7.787332065409987569e-01
2.498200000000000000e+04 7.059395762910529448e-03 2.050896263554775700e+01 7.868450000000000000e+05 7.631756895489654191e-01
2.498400000000000000e+04 7.163406908730896722e-03 2.067570547230036127e+01 7.810380000000000000e+05 7.566221621403059761e-01
2.498600000000000000e+04 7.137626678625955123e-03 2.048933317409194288e+01 7.858080000000000000e+05 7.662986620229857992e-01
2.498800000000000000e+04 7.151164085058043726e-03 2.063059206204460594e+01 7.826830000000000000e+05 7.911349662376517822e-01
2.499000000000000000e+04 7.137172009660838756e-03 2.058971533872565729e+01 7.854970000000000000e+05 7.750865114827216740e-01
2.499200000000000000e+04 7.233560699049254236e-03 2.072731849402859794e+01 7.825690000000000000e+05 7.952132056369888291e-01
2.499400000000000000e+04 7.095084783492296848e-03 2.042050556017950314e+01 7.791880000000000000e+05 7.668072209013003793e-01
2.499600000000000000e+04 7.136381453445168367e-03 2.058224544767731601e+01 7.814800000000000000e+05 7.811613557587158141e-01
2.499800000000000000e+04 6.989708825367813884e-03 2.068069240770216410e+01 7.808280000000000000e+05 7.947993608381246355e-01
2.500000000000000000e+04 7.002140673422577698e-03 2.035822900002790092e+01 7.777660000000000000e+05 7.763544085243014869e-01
