    Energy     Int_t       n(0,0)      Intn(0,0)    n_l(0)      Intn_l(0)      n(1,-1)     Intn(1,-1)    n(1,0)      Intn(1,0)     n(1,1)      Intn(1,1)    n_l(1)      Intn_l(1)      n(2,-2)     Intn(2,-2)    n(2,-1)     Intn(2,-1)    n(2,0)      Intn(2,0)     n(2,1)      Intn(2,1)     n(2,2)      Intn(2,2)    n_l(2)      Intn_l(2)      n(3,-3)     Intn(3,-3)    n(3,-2)     Intn(3,-2)    n(3,-1)     Intn(3,-1)    n(3,0)      Intn(3,0)     n(3,1)      Intn(3,1)     n(3,2)      Intn(3,2)     n(3,3)      Intn(3,3)    n_l(3)      Intn_l(3)  
    4.0000  5.04353E-02  3.18842E-01  2.34344E-03  6.37684E-01  4.68689E-03  1.68094E-01  1.23547E-03  1.52364E-01  1.11986E-03  1.91847E-01  1.41005E-03  1.02461E+00  7.53075E-03  4.13725E-01  3.04082E-03  5.70302E-01  4.19164E-03  2.57464E-01  1.89233E-03  6.82112E-01  5.01343E-03  5.17341E-01  3.80239E-03  4.88189E+00  3.58812E-02  2.56800E-02  1.88745E-04  3.09343E-02  2.27363E-04  1.95104E-02  1.43399E-04  1.38659E-02  1.01913E-04  2.05860E-02  1.51305E-04  3.37192E-02  2.47832E-04  1.46491E-02  1.07669E-04  3.17890E-01  2.33645E-03
    4.1000  1.00044E-01  3.15608E-01  4.66312E-03  6.31216E-01  9.32624E-03  1.72535E-01  2.50358E-03  1.55505E-01  2.26280E-03  1.90024E-01  2.80670E-03  1.03613E+00  1.51461E-02  4.01349E-01  5.99068E-03  5.49304E-01  8.22895E-03  2.54438E-01  3.76241E-03  6.62616E-01  9.88357E-03  5.12868E-01  7.57190E-03  4.76115E+00  7.08750E-02  2.56231E-02  3.77071E-04  3.08289E-02  4.53951E-04  1.96170E-02  2.87581E-04  1.44982E-02  2.08472E-04  2.09350E-02  3.05174E-04  3.41214E-02  4.98619E-04  1.49367E-02  2.17452E-04  3.21121E-01  4.69664E-03
    4.2000  1.48849E-01  3.12282E-01  6.95836E-03  6.24565E-01  1.39167E-02  1.77086E-01  3.80514E-03  1.58685E-01  3.42911E-03  1.87760E-01  4.18670E-03  1.04706E+00  2.28419E-02  3.90099E-01  8.85786E-03  5.29685E-01  1.21221E-02  2.51296E-01  5.60940E-03  6.43675E-01  1.46145E-02  5.07309E-01  1.13006E-02  4.64413E+00  1.05009E-01  2.56040E-02  5.65257E-04  3.07067E-02  6.79641E-04  1.97349E-02  4.32630E-04  1.51895E-02  3.20113E-04  2.12694E-02  4.61502E-04  3.45081E-02  7.52249E-04  1.52432E-02  3.29487E-04  3.24512E-01  7.08176E-03
    4.3000  1.96870E-01  3.08858E-01  9.22842E-03  6.17716E-01  1.84568E-02  1.81737E-01  5.14088E-03  1.61891E-01  4.61899E-03  1.85121E-01  5.54731E-03  1.05750E+00  3.06144E-02  3.79890E-01  1.16500E-02  5.11341E-01  1.58804E-02  2.48023E-01  7.43234E-03  6.25274E-01  1.92102E-02  5.00602E-01  1.49799E-02  4.53026E+00  1.38306E-01  2.56205E-02  7.53564E-04  3.05766E-02  9.04375E-04  1.98679E-02  5.78657E-04  1.59402E-02  4.37272E-04  2.15901E-02  6.20186E-04  3.48793E-02  1.00861E-03  1.55695E-02  4.43921E-04  3.28089E-01  9.49317E-03
    4.4000  2.44124E-01  3.05339E-01  1.14726E-02  6.10679E-01  2.29453E-02  1.86477E-01  6.51146E-03  1.65105E-01  5.83249E-03  1.82176E-01  6.88628E-03  1.06751E+00  3.84605E-02  3.70649E-01  1.43742E-02  4.94168E-01  1.95124E-02  2.44623E-01  9.23028E-03  6.07393E-01  2.36744E-02  4.92757E-01  1.86016E-02  4.41918E+00  1.70786E-01  2.56704E-02  9.42238E-04  3.04470E-02  1.12816E-03  2.00201E-02  7.25802E-04  1.67503E-02  5.60384E-04  2.18990E-02  7.81141E-04  3.52346E-02  1.26758E-03  1.59163E-02  5.60904E-04  3.31875E-01  1.19324E-02
    4.5000  2.90629E-01  3.01737E-01  1.36904E-02  6.03475E-01  2.73807E-02  1.91293E-01  7.91743E-03  1.68303E-01  7.06949E-03  1.78997E-01  8.20188E-03  1.07718E+00  4.63776E-02  3.62309E-01  1.70371E-02  4.78083E-01  2.30263E-02  2.41119E-01  1.10025E-02  5.90032E-01  2.80111E-02  4.83863E-01  2.21579E-02  4.31081E+00  2.02470E-01  2.57515E-02  1.13151E-03  3.03256E-02  1.35105E-03  2.01961E-02  8.74241E-04  1.76185E-02  6.89878E-04  2.21985E-02  9.44297E-04  3.55738E-02  1.52904E-03  1.62841E-02  6.80591E-04  3.35896E-01  1.44012E-02
    4.6000  3.36405E-01  2.98069E-01  1.58811E-02  5.96139E-01  3.17622E-02  1.96170E-01  9.35926E-03  1.71459E-01  8.32969E-03  1.75653E-01  9.49291E-03  1.08656E+00  5.43637E-02  3.54804E-01  1.96449E-02  4.63005E-01  2.64293E-02  2.37547E-01  1.27484E-02  5.73181E-01  3.22239E-02  4.74056E-01  2.56422E-02  4.20519E+00  2.33377E-01  2.58621E-02  1.32159E-03  3.02197E-02  1.57316E-03  2.04005E-02  1.02418E-03  1.85429E-02  8.26165E-04  2.24920E-02  1.10961E-03  3.58965E-02  1.79287E-03  1.66735E-02  8.03139E-04  3.40175E-01  1.69014E-02
    4.7000  3.81471E-01  2.94358E-01  1.80446E-02  5.88715E-01  3.60892E-02  2.01094E-01  1.08373E-02  1.74545E-01  9.61257E-03  1.72209E-01  1.07586E-02  1.09569E+00  6.24169E-02  3.48075E-01  2.22032E-02  4.48856E-01  2.97283E-02  2.33951E-01  1.44679E-02  5.56835E-01  3.63165E-02  4.63509E-01  2.90489E-02  4.10245E+00  2.63530E-01  2.60008E-02  1.51269E-03  3.01360E-02  1.79465E-03  2.06383E-02  1.17587E-03  1.95203E-02  9.69637E-04  2.27831E-02  1.27706E-03  3.62030E-02  2.05896E-03  1.70852E-02  9.28713E-04  3.44733E-01  1.94352E-02
    4.8000  4.25852E-01  2.90628E-01  2.01807E-02  5.81257E-01  4.03614E-02  2.06046E-01  1.23517E-02  1.77528E-01  1.09174E-02  1.68727E-01  1.19987E-02  1.10460E+00  7.05356E-02  3.42061E-01  2.47173E-02  4.35560E-01  3.29296E-02  2.30379E-01  1.61612E-02  5.40987E-01  4.02927E-02  4.52416E-01  3.23741E-02  4.00281E+00  2.92950E-01  2.61664E-02  1.70501E-03  3.00800E-02  2.01574E-03  2.09141E-02  1.32959E-03  2.05465E-02  1.12065E-03  2.30753E-02  1.44666E-03  3.64938E-02  2.32719E-03  1.75199E-02  1.05748E-03  3.49592E-01  2.20046E-02
    4.9000  4.69571E-01  2.86910E-01  2.22894E-02  5.73820E-01  4.45789E-02  2.11009E-01  1.39026E-02  1.80374E-01  1.22431E-02  1.65265E-01  1.32134E-02  1.11329E+00  7.87182E-02  3.36706E-01  2.71921E-02  4.23050E-01  3.60390E-02  2.26877E-01  1.78287E-02  5.25633E-01  4.41561E-02  4.40972E-01  3.56152E-02  3.90648E+00  3.21662E-01  2.63583E-02  1.89874E-03  3.00567E-02  2.23665E-03  2.12329E-02  1.48565E-03  2.16160E-02  1.27953E-03  2.33727E-02  1.61845E-03  3.67694E-02  2.59744E-03  1.79787E-02  1.18962E-03  3.54769E-01  2.46121E-02
    5.0000  5.12658E-01  2.83230E-01  2.43711E-02  5.66459E-01  4.87423E-02  2.15962E-01  1.54899E-02  1.83049E-01  1.35885E-02  1.61868E-01  1.44031E-02  1.12176E+00  8.69629E-02  3.31964E-01  2.96319E-02  4.11264E-01  3.90617E-02  2.23496E-01  1.94714E-02  5.10774E-01  4.79102E-02  4.29369E-01  3.87710E-02  3.81373E+00  3.49692E-01  2.65760E-02  2.09407E-03  3.00706E-02  2.45766E-03  2.15991E-02  1.64440E-03  2.27223E-02  1.44653E-03  2.36788E-02  1.79248E-03  3.70306E-02  2.86961E-03  1.84622E-02  1.32532E-03  3.60279E-01  2.72601E-02
    5.1000  5.55141E-01  2.79610E-01  2.64262E-02  5.59220E-01  5.28525E-02  2.20882E-01  1.71133E-02  1.85520E-01  1.49520E-02  1.58580E-01  1.55687E-02  1.12997E+00  9.52680E-02  3.27780E-01  3.20411E-02  4.00144E-01  4.20027E-02  2.20278E-01  2.10904E-02  4.96412E-01  5.15587E-02  4.17782E-01  4.18416E-02  3.72479E+00  3.77069E-01  2.68189E-02  2.29119E-03  3.01249E-02  2.67908E-03  2.20169E-02  1.80622E-03  2.38575E-02  1.62188E-03  2.39968E-02  1.96886E-03  3.72778E-02  3.14359E-03  1.89714E-02  1.46475E-03  3.66129E-01  2.99511E-02
    5.2000  5.97051E-01  2.76073E-01  2.84553E-02  5.52145E-01  5.69107E-02  2.25744E-01  1.87725E-02  1.87759E-01  1.63320E-02  1.55434E-01  1.67111E-02  1.13787E+00  1.03631E-01  3.24102E-01  3.44232E-02  3.89635E-01  4.48665E-02  2.17257E-01  2.26872E-02  4.82545E-01  5.51054E-02  4.06357E-01  4.48283E-02  3.63979E+00  4.03821E-01  2.70869E-02  2.49027E-03  3.02223E-02  2.90121E-03  2.24900E-02  1.97152E-03  2.50135E-02  1.80573E-03  2.43297E-02  2.14768E-03  3.75118E-02  3.41930E-03  1.95072E-02  1.60813E-03  3.72323E-01  3.26877E-02
    5.3000  6.38266E-01  2.72080E-01  3.04551E-02  5.44160E-01  6.09102E-02  2.28441E-01  2.04515E-02  1.88262E-01  1.77157E-02  1.53026E-01  1.78358E-02  1.13946E+00  1.12006E-01  3.19122E-01  3.67687E-02  3.77038E-01  4.76377E-02  2.15244E-01  2.42692E-02  4.66926E-01  5.85372E-02  3.94107E-01  4.77249E-02  3.54487E+00  4.29875E-01  2.73710E-02  2.69145E-03  3.01981E-02  3.12316E-03  2.31659E-02  2.14178E-03  2.62335E-02  1.99854E-03  2.46706E-02  2.32900E-03  3.78286E-02  3.69733E-03  2.00637E-02  1.75560E-03  3.79063E-01  3.54737E-02
    5.4000  6.78973E-01  2.68794E-01  3.24307E-02  5.37589E-01  6.48614E-02  2.33088E-01  2.21647E-02  1.89979E-01  1.91121E-02  1.50223E-01  1.89399E-02  1.14658E+00  1.20433E-01  3.16350E-01  3.90938E-02  3.67648E-01  5.03398E-02  2.12687E-01  2.58324E-02  4.54103E-01  6.18748E-02  3.83430E-01  5.05431E-02  3.46844E+00  4.55368E-01  2.76881E-02  2.89495E-03  3.03938E-02  3.34655E-03  2.37554E-02  2.31638E-03  2.74141E-02  2.20003E-03  2.50411E-02  2.51305E-03  3.80418E-02  3.97694E-03  2.06560E-02  1.90741E-03  3.85981E-01  3.83106E-02
    5.5000  7.19206E-01  2.65631E-01  3.43830E-02  5.31262E-01  6.87661E-02  2.37590E-01  2.39109E-02  1.91405E-01  2.05189E-02  1.47625E-01  2.00249E-02  1.15324E+00  1.28909E-01  3.13941E-01  4.14012E-02  3.58735E-01  5.29765E-02  2.10404E-01  2.73789E-02  4.41787E-01  6.51219E-02  3.73201E-01  5.32861E-02  3.39614E+00  4.80329E-01  2.80311E-02  3.10097E-03  3.06379E-02  3.57173E-03  2.44091E-02  2.49579E-03  2.85904E-02  2.41017E-03  2.54341E-02  2.69999E-03  3.82458E-02  4.25804E-03  2.12781E-02  2.06381E-03  3.93253E-01  4.12010E-02
    5.6000  7.58993E-01  2.62597E-01  3.63131E-02  5.25195E-01  7.26262E-02  2.41918E-01  2.56890E-02  1.92532E-01  2.19339E-02  1.45243E-01  2.10925E-02  1.15938E+00  1.37431E-01  3.11845E-01  4.36933E-02  3.50261E-01  5.55509E-02  2.08409E-01  2.89106E-02  4.29978E-01  6.82822E-02  3.63468E-01  5.59575E-02  3.32792E+00  5.04789E-01  2.84009E-02  3.30972E-03  3.09312E-02  3.79907E-03  2.51291E-02  2.68048E-03  2.97549E-02  2.62886E-03  2.58517E-02  2.89000E-03  3.84425E-02  4.54059E-03  2.19314E-02  2.22500E-03  4.00883E-01  4.41474E-02
    5.7000  7.98366E-01  2.59698E-01  3.82218E-02  5.19396E-01  7.64437E-02  2.46038E-01  2.74973E-02  1.93359E-01  2.33551E-02  1.43083E-01  2.21441E-02  1.16496E+00  1.45993E-01  3.10019E-01  4.59719E-02  3.42198E-01  5.80660E-02  2.06711E-01  3.04299E-02  4.18681E-01  7.13594E-02  3.54260E-01  5.85613E-02  3.26374E+00  5.28777E-01  2.87985E-02  3.52138E-03  3.12741E-02  4.02893E-03  2.59171E-02  2.87097E-03  3.09010E-02  2.85598E-03  2.62954E-02  3.08326E-03  3.86335E-02  4.82454E-03  2.26169E-02  2.39123E-03  4.08873E-01  4.71526E-02
    5.8000  8.37354E-01  2.56934E-01  4.01103E-02  5.13868E-01  8.02205E-02  2.49917E-01  2.93342E-02  1.93894E-01  2.47802E-02  1.41150E-01  2.31815E-02  1.16992E+00  1.54592E-01  3.08419E-01  4.82387E-02  3.34520E-01  6.05247E-02  2.05317E-01  3.19390E-02  4.07899E-01  7.43574E-02  3.45590E-01  6.11013E-02  3.20349E+00  5.52322E-01  2.92252E-02  3.73618E-03  3.16668E-02  4.26168E-03  2.67745E-02  3.06776E-03  3.20239E-02  3.09135E-03  2.67669E-02  3.28000E-03  3.88204E-02  5.10986E-03  2.33363E-02  2.56275E-03  4.17228E-01  5.02192E-02
    5.9000  8.75984E-01  2.54305E-01  4.19794E-02  5.08611E-01  8.39588E-02  2.53522E-01  3.11976E-02  1.94150E-01  2.62072E-02  1.39444E-01  2.42064E-02  1.17423E+00  1.63222E-01  3.07003E-01  5.04951E-02  3.27204E-01  6.29296E-02  2.04228E-01  3.34400E-02  3.97632E-01  7.72800E-02  3.37460E-01  6.35816E-02  3.14705E+00  5.75453E-01  2.96824E-02  3.95435E-03  3.21096E-02  4.49768E-03  2.77017E-02  3.27136E-03  3.31204E-02  3.33478E-03  2.72676E-02  3.48041E-03  3.90048E-02  5.39654E-03  2.40907E-02  2.73981E-03  4.25954E-01  5.33499E-02
    6.0000  9.14282E-01  2.51809E-01  4.38301E-02  5.03619E-01  8.76603E-02  2.56816E-01  3.30851E-02  1.94148E-01  2.76341E-02  1.37963E-01  2.52204E-02  1.17785E+00  1.71879E-01  3.05726E-01  5.27422E-02  3.20228E-01  6.52832E-02  2.03444E-01  3.49353E-02  3.87879E-01  8.01308E-02  3.29859E-01  6.60060E-02  3.09427E+00  5.98195E-01  3.01720E-02  4.17611E-03  3.26022E-02  4.73730E-03  2.86990E-02  3.48229E-03  3.41888E-02  3.58606E-03  2.77988E-02  3.68473E-03  3.91884E-02  5.68457E-03  2.48818E-02  2.92269E-03  4.35062E-01  5.65475E-02
    6.1000  9.52287E-01  2.49442E-01  4.56635E-02  4.98884E-01  9.13270E-02  2.60007E-01  3.49961E-02  1.94234E-01  2.90617E-02  1.36838E-01  2.62262E-02  1.18216E+00  1.80568E-01  3.04550E-01  5.49806E-02  3.13574E-01  6.75879E-02  2.02962E-01  3.64271E-02  3.78636E-01  8.29137E-02  3.22771E-01  6.83784E-02  3.04499E+00  6.20575E-01  3.07459E-02  4.40208E-03  3.30909E-02  4.98052E-03  2.97638E-02  3.70105E-03  3.52498E-02  3.84514E-03  2.83983E-02  3.89345E-03  3.94175E-02  5.97428E-03  2.57090E-02  3.11165E-03  4.44751E-01  5.98164E-02
    6.2000  9.90009E-01  2.47200E-01  4.74804E-02  4.94400E-01  9.49608E-02  2.62576E-01  3.69260E-02  1.93785E-01  3.04860E-02  1.35787E-01  2.72242E-02  1.18430E+00  1.89272E-01  3.03436E-01  5.72108E-02  3.07222E-01  6.98460E-02  2.02779E-01  3.79175E-02  3.69900E-01  8.56325E-02  3.16175E-01  7.07022E-02  2.99902E+00  6.42618E-01  3.13051E-02  4.63217E-03  3.36775E-02  5.22804E-03  3.09011E-02  3.92817E-03  3.62583E-02  4.11164E-03  2.89973E-02  4.10658E-03  3.96051E-02  6.26538E-03  2.65773E-02  3.30699E-03  4.54644E-01  6.31579E-02
    6.3000  1.02747E+00  2.45079E-01  4.92817E-02  4.90158E-01  9.85634E-02  2.64728E-01  3.88717E-02  1.93159E-01  3.19057E-02  1.34949E-01  2.82160E-02  1.18567E+00  1.97987E-01  3.02346E-01  5.94330E-02  3.01158E-01  7.20594E-02  2.02890E-01  3.94087E-02  3.61664E-01  8.82906E-02  3.10045E-01  7.29810E-02  2.95620E+00  6.64345E-01  3.19021E-02  4.86665E-03  3.43132E-02  5.48024E-03  3.21051E-02  4.16414E-03  3.72440E-02  4.38538E-03  2.96299E-02  4.32435E-03  3.97964E-02  6.55787E-03  2.74868E-02  3.50901E-03  4.64955E-01  6.65753E-02
    6.4000  1.06469E+00  2.43075E-01  5.10683E-02  4.86150E-01  1.02137E-01  2.66430E-01  4.08300E-02  1.92387E-01  3.33197E-02  1.34318E-01  2.92033E-02  1.18627E+00  2.06706E-01  3.01245E-01  6.16471E-02  2.95365E-01  7.42303E-02  2.03287E-01  4.09028E-02  3.53915E-01  9.08919E-02  3.04348E-01  7.52179E-02  2.91632E+00  6.85780E-01  3.25387E-02  5.10580E-03  3.49974E-02  5.73747E-03  3.33731E-02  4.40943E-03  3.82118E-02  4.66623E-03  3.02971E-02  4.54703E-03  3.99928E-02  6.85182E-03  2.84392E-02  3.71804E-03  4.75700E-01  7.00716E-02
    6.5000  1.10170E+00  2.41185E-01  5.28409E-02  4.82371E-01  1.05682E-01  2.67652E-01  4.27972E-02  1.91501E-01  3.47272E-02  1.33886E-01  3.01873E-02  1.18608E+00  2.15423E-01  3.00103E-01  6.38528E-02  2.89826E-01  7.63605E-02  2.03966E-01  4.24019E-02  3.46642E-01  9.34396E-02  2.99056E-01  7.74159E-02  2.87919E+00  7.06942E-01  3.32163E-02  5.34994E-03  3.57296E-02  6.00007E-03  3.47017E-02  4.66448E-03  3.91676E-02  4.95410E-03  3.09994E-02  4.77488E-03  4.01955E-02  7.14725E-03  2.94359E-02  3.93439E-03  4.86892E-01  7.36502E-02
    6.6000  1.13850E+00  2.39407E-01  5.46005E-02  4.78813E-01  1.09201E-01  2.68362E-01  4.47696E-02  1.90528E-01  3.61276E-02  1.33647E-01  3.11696E-02  1.18508E+00  2.24134E-01  2.98894E-01  6.60496E-02  2.84527E-01  7.84517E-02  2.04919E-01  4.39081E-02  3.39834E-01  9.59374E-02  2.94140E-01  7.95778E-02  2.84463E+00  7.27849E-01  3.39360E-02  5.59936E-03  3.65090E-02  6.26841E-03  3.60864E-02  4.92971E-03  4.01177E-02  5.24896E-03  3.17371E-02  5.00814E-03  4.04054E-02  7.44422E-03  3.04782E-02  4.15840E-03  4.98540E-01  7.73144E-02
    6.7000  1.17511E+00  2.37736E-01  5.63479E-02  4.75471E-01  1.12696E-01  2.68536E-01  4.67433E-02  1.89496E-01  3.75204E-02  1.33593E-01  3.21515E-02  1.18325E+00  2.32830E-01  2.97595E-01  6.82369E-02  2.79453E-01  8.05057E-02  2.06139E-01  4.54232E-02  3.33471E-01  9.83883E-02  2.89568E-01  8.17061E-02  2.81245E+00  7.48520E-01  3.46982E-02  5.85439E-03  3.73347E-02  6.54282E-03  3.75220E-02  5.20549E-03  4.10688E-02  5.55081E-03  3.25104E-02  5.24709E-03  4.06234E-02  7.74280E-03  3.15676E-02  4.39041E-03  5.10650E-01  8.10676E-02
    6.8000  1.21156E+00  2.36171E-01  5.80837E-02  4.72342E-01  1.16167E-01  2.68151E-01  4.87142E-02  1.88429E-01  3.89053E-02  1.33715E-01  3.31343E-02  1.18059E+00  2.41507E-01  2.96185E-01  7.04139E-02  2.74586E-01  8.25239E-02  2.07619E-01  4.69491E-02  3.27532E-01  1.00796E-01  2.85308E-01  8.38031E-02  2.78246E+00  7.68971E-01  3.55029E-02  6.11533E-03  3.82058E-02  6.82362E-03  3.90029E-02  5.49216E-03  4.20282E-02  5.85972E-03  3.33193E-02  5.49198E-03  4.08500E-02  8.04304E-03  3.27054E-02  4.63079E-03  5.23229E-01  8.49133E-02
    6.9000  1.24785E+00  2.34710E-01  5.98088E-02  4.69420E-01  1.19618E-01  2.67193E-01  5.06780E-02  1.87349E-01  4.02823E-02  1.34006E-01  3.41192E-02  1.17710E+00  2.50159E-01  2.94651E-01  7.25795E-02  2.69910E-01  8.45077E-02  2.09349E-01  4.84878E-02  3.21996E-01  1.03162E-01  2.81328E-01  8.58708E-02  2.75447E+00  7.89216E-01  3.63490E-02  6.38249E-03  3.91210E-02  7.11116E-03  4.05230E-02  5.79000E-03  4.30028E-02  6.17578E-03  3.41634E-02  5.74307E-03  4.10860E-02  8.34502E-03  3.38927E-02  4.87990E-03  5.36276E-01  8.88548E-02
    7.0000  1.28399E+00  2.33352E-01  6.15239E-02  4.66704E-01  1.23048E-01  2.65655E-01  5.26305E-02  1.86273E-01  4.16514E-02  1.34459E-01  3.51075E-02  1.17277E+00  2.58779E-01  2.92982E-01  7.47329E-02  2.65409E-01  8.64584E-02  2.11321E-01  5.00410E-02  3.16835E-01  1.05491E-01  2.77598E-01  8.79111E-02  2.72829E+00  8.09269E-01  3.72348E-02  6.65616E-03  4.00791E-02  7.40573E-03  4.20759E-02  6.09925E-03  4.39995E-02  6.49917E-03  3.50421E-02  6.00063E-03  4.13316E-02  8.64880E-03  3.51307E-02  5.13811E-03  5.49788E-01  9.28957E-02
    7.1000  1.32000E+00  2.32094E-01  6.32297E-02  4.64187E-01  1.26459E-01  2.63538E-01  5.45675E-02  1.85217E-01  4.30127E-02  1.35065E-01  3.61002E-02  1.16764E+00  2.67361E-01  2.91172E-01  7.68730E-02  2.61066E-01  8.83772E-02  2.13525E-01  5.16104E-02  3.12021E-01  1.07784E-01  2.74089E-01  8.99256E-02  2.70375E+00  8.29141E-01  3.81578E-02  6.93662E-03  4.10782E-02  7.70765E-03  4.36553E-02  6.42011E-03  4.50249E-02  6.83010E-03  3.59547E-02  6.26489E-03  4.15872E-02  8.95446E-03  3.64203E-02  5.40579E-03  5.63757E-01  9.70392E-02
    7.2000  1.35589E+00  2.30933E-01  6.49271E-02  4.61866E-01  1.29854E-01  2.60854E-01  5.64848E-02  1.84196E-01  4.43665E-02  1.35817E-01  3.70984E-02  1.16173E+00  2.75899E-01  2.89222E-01  7.89987E-02  2.56866E-01  9.02651E-02  2.15950E-01  5.31976E-02  3.07524E-01  1.10045E-01  2.70771E-01  9.19158E-02  2.68067E+00  8.48843E-01  3.91146E-02  7.22410E-03  4.21167E-02  8.01720E-03  4.52555E-02  6.75273E-03  4.60849E-02  7.16882E-03  3.69001E-02  6.53610E-03  4.18527E-02  9.26207E-03  3.77622E-02  5.68334E-03  5.78173E-01  1.01289E-01
    7.3000  1.39166E+00  2.29867E-01  6.66166E-02  4.59734E-01  1.33233E-01  2.57622E-01  5.83782E-02  1.83220E-01  4.57131E-02  1.36708E-01  3.81032E-02  1.15510E+00  2.84389E-01  2.87133E-01  8.11091E-02  2.52794E-01  9.21231E-02  2.18585E-01  5.48041E-02  3.03313E-01  1.12274E-01  2.67618E-01  9.38827E-02  2.65889E+00  8.68386E-01  4.01008E-02  7.51884E-03  4.31922E-02  8.33466E-03  4.68712E-02  7.09723E-03  4.71853E-02  7.51562E-03  3.78769E-02  6.81449E-03  4.21282E-02  9.57171E-03  3.91571E-02  5.97114E-03  5.93024E-01  1.05647E-01
    7.4000  1.42732E+00  2.28891E-01  6.82989E-02  4.57783E-01  1.36598E-01  2.53876E-01  6.02442E-02  1.82298E-01  4.70530E-02  1.37730E-01  3.91155E-02  1.14781E+00  2.92825E-01  2.84913E-01  8.32032E-02  2.48834E-01  9.39520E-02  2.21418E-01  5.64315E-02  2.99352E-01  1.14474E-01  2.64605E-01  9.58275E-02  2.63825E+00  8.87777E-01  4.11117E-02  7.82101E-03  4.43022E-02  8.66028E-03  4.84981E-02  7.45368E-03  4.83311E-02  7.87085E-03  3.88839E-02  7.10028E-03  4.24134E-02  9.88344E-03  4.06053E-02  6.26958E-03  6.08291E-01  1.10118E-01
    7.5000  1.46288E+00  2.28002E-01  6.99747E-02  4.56004E-01  1.39949E-01  2.49655E-01  6.20791E-02  1.81439E-01  4.83866E-02  1.38877E-01  4.01362E-02  1.13994E+00  3.01204E-01  2.82570E-01  8.52800E-02  2.44972E-01  9.57525E-02  2.24435E-01  5.80811E-02  2.95606E-01  1.16647E-01  2.61704E-01  9.77510E-02  2.61858E+00  9.07023E-01  4.21422E-02  8.13075E-03  4.54440E-02  8.99428E-03  5.01335E-02  7.82216E-03  4.95272E-02  8.23487E-03  3.99196E-02  7.39369E-03  4.27081E-02  1.01973E-02  4.21070E-02  6.57906E-03  6.23963E-01  1.14704E-01
    7.6000  1.49835E+00  2.27193E-01  7.16445E-02  4.54386E-01  1.43289E-01  2.45009E-01  6.38799E-02  1.80647E-01  4.97143E-02  1.40142E-01  4.11662E-02  1.13160E+00  3.09521E-01  2.80120E-01  8.73388E-02  2.41197E-01  9.75253E-02  2.27622E-01  5.97541E-02  2.92042E-01  1.18793E-01  2.58896E-01  9.96539E-02  2.59975E+00  9.26131E-01  4.31863E-02  8.44816E-03  4.66142E-02  9.33689E-03  5.17757E-02  8.20270E-03  5.07772E-02  8.60807E-03  4.09823E-02  7.69490E-03  4.30120E-02  1.05135E-02  4.36620E-02  6.89997E-03  6.40020E-01  1.19408E-01
    7.7000  1.53373E+00  2.26459E-01  7.33089E-02  4.52917E-01  1.46618E-01  2.39992E-01  6.56438E-02  1.79927E-01  5.10367E-02  1.41518E-01  4.22064E-02  1.12287E+00  3.17774E-01  2.77578E-01  8.93790E-02  2.37500E-01  9.92709E-02  2.30965E-01  6.14517E-02  2.88627E-01  1.20915E-01  2.56161E-01  1.01537E-01  2.58166E+00  9.45105E-01  4.42383E-02  8.77330E-03  4.78085E-02  9.68828E-03  5.34245E-02  8.59537E-03  5.20843E-02  8.99088E-03  4.20704E-02  8.00411E-03  4.33248E-02  1.08319E-02  4.52693E-02  7.23269E-03  6.56440E-01  1.24233E-01
    7.8000  1.56903E+00  2.25791E-01  7.49685E-02  4.51582E-01  1.49937E-01  2.34666E-01  6.73686E-02  1.79282E-01  5.23544E-02  1.43000E-01  4.32574E-02  1.11390E+00  3.25961E-01  2.74962E-01  9.13999E-02  2.33872E-01  1.00990E-01  2.34447E-01  6.31748E-02  2.85330E-01  1.23012E-01  2.53480E-01  1.03400E-01  2.56418E+00  9.63952E-01  4.52924E-02  9.10620E-03  4.90225E-02  1.00486E-02  5.50810E-02  9.00020E-03  5.34508E-02  9.38374E-03  4.31823E-02  8.32150E-03  4.36460E-02  1.11527E-02  4.69280E-02  7.57761E-03  6.73206E-01  1.29181E-01
    7.9000  1.60426E+00  2.25184E-01  7.66236E-02  4.50368E-01  1.53247E-01  2.29095E-01  6.90524E-02  1.78714E-01  5.36679E-02  1.44582E-01  4.43201E-02  1.10478E+00  3.34081E-01  2.72291E-01  9.34012E-02  2.30307E-01  1.02683E-01  2.38050E-01  6.49244E-02  2.82122E-01  1.25085E-01  2.50839E-01  1.05243E-01  2.54722E+00  9.82674E-01  4.63432E-02  9.44681E-03  5.02511E-02  1.04179E-02  5.67476E-02  9.41729E-03  5.48790E-02  9.78709E-03  4.43166E-02  8.64722E-03  4.39756E-02  1.14759E-02  4.86362E-02  7.93508E-03  6.90298E-01  1.34255E-01
    8.0000  1.63941E+00  2.24630E-01  7.82746E-02  4.49260E-01  1.56549E-01  2.23344E-01  7.06940E-02  1.78223E-01  5.49779E-02  1.46257E-01  4.53950E-02  1.09565E+00  3.42134E-01  2.69586E-01  9.53827E-02  2.26800E-01  1.04349E-01  2.41758E-01  6.67013E-02  2.78976E-01  1.27136E-01  2.48223E-01  1.07068E-01  2.53069E+00  1.00127E+00  4.73855E-02  9.79509E-03  5.14888E-02  1.07964E-02  5.84280E-02  9.84673E-03  5.63704E-02  1.02014E-02  4.54716E-02  8.98143E-03  4.43134E-02  1.18016E-02  5.03916E-02  8.30545E-03  7.07699E-01  1.39456E-01
    8.1000  1.67451E+00  2.24121E-01  7.99218E-02  4.48243E-01  1.59844E-01  2.17478E-01  7.22924E-02  1.77809E-01  5.62847E-02  1.48019E-01  4.64830E-02  1.08661E+00  3.50120E-01  2.66866E-01  9.73441E-02  2.23347E-01  1.05991E-01  2.45552E-01  6.85061E-02  2.75869E-01  1.29163E-01  2.45622E-01  1.08873E-01  2.51451E+00  1.01976E+00  4.84154E-02  1.01509E-02  5.27296E-02  1.11839E-02  6.01268E-02  1.02887E-02  5.79256E-02  1.06272E-02  4.66465E-02  9.32427E-03  4.46594E-02  1.21298E-02  5.21919E-02  8.68905E-03  7.25391E-01  1.44788E-01
    8.2000  1.70954E+00  2.23651E-01  8.15656E-02  4.47302E-01  1.63131E-01  2.11555E-01  7.38473E-02  1.77471E-01  5.75891E-02  1.49864E-01  4.75844E-02  1.07778E+00  3.58042E-01  2.64151E-01  9.92856E-02  2.19947E-01  1.07608E-01  2.49416E-01  7.03393E-02  2.72781E-01  1.31168E-01  2.43025E-01  1.10659E-01  2.49864E+00  1.03812E+00  4.94294E-02  1.05142E-02  5.39672E-02  1.15806E-02  6.18487E-02  1.07432E-02  5.95454E-02  1.10648E-02  4.78404E-02  9.67590E-03  4.50138E-02  1.24607E-02  5.40343E-02  9.08620E-03  7.43358E-01  1.50251E-01
    8.3000  1.74453E+00  2.23211E-01  8.32062E-02  4.46423E-01  1.66412E-01  2.05635E-01  7.53587E-02  1.77209E-01  5.88916E-02  1.51784E-01  4.87000E-02  1.06926E+00  3.65901E-01  2.61463E-01  1.01207E-01  2.16599E-01  1.09200E-01  2.53328E-01  7.22012E-02  2.69697E-01  1.33150E-01  2.40426E-01  1.12426E-01  2.48303E+00  1.05637E+00  5.04245E-02  1.08849E-02  5.51945E-02  1.19862E-02  6.35985E-02  1.12107E-02  6.12292E-02  1.15148E-02  4.90523E-02  1.00364E-02  4.53769E-02  1.27942E-02  5.59149E-02  9.49717E-03  7.61581E-01  1.55849E-01
    8.4000  1.77948E+00  2.22796E-01  8.48437E-02  4.45593E-01  1.69687E-01  1.99770E-01  7.68270E-02  1.77019E-01  6.01926E-02  1.53773E-01  4.98302E-02  1.06112E+00  3.73700E-01  2.58821E-01  1.03110E-01  2.13306E-01  1.10767E-01  2.57271E-01  7.40921E-02  2.66607E-01  1.35110E-01  2.37822E-01  1.14174E-01  2.46766E+00  1.07451E+00  5.13992E-02  1.12626E-02  5.64046E-02  1.24008E-02  6.53810E-02  1.16912E-02  6.29766E-02  1.19777E-02  5.02817E-02  1.04060E-02  4.57493E-02  1.31305E-02  5.78300E-02  9.92221E-03  7.80045E-01  1.61582E-01
    8.5000  1.81438E+00  2.22400E-01  8.64783E-02  4.44801E-01  1.72957E-01  1.94009E-01  7.82529E-02  1.76899E-01  6.14928E-02  1.55823E-01  5.09755E-02  1.05346E+00  3.81443E-01  2.56244E-01  1.04993E-01  2.10068E-01  1.12311E-01  2.61229E-01  7.60121E-02  2.63504E-01  1.37047E-01  2.35209E-01  1.15903E-01  2.45251E+00  1.09253E+00  5.23528E-02  1.16474E-02  5.75900E-02  1.28241E-02  6.72003E-02  1.21851E-02  6.47857E-02  1.24539E-02  5.15281E-02  1.07847E-02  4.61314E-02  1.34695E-02  5.97749E-02  1.03615E-02  7.98726E-01  1.67453E-01
    8.6000  1.84926E+00  2.22018E-01  8.81101E-02  4.44036E-01  1.76220E-01  1.88396E-01  7.96376E-02  1.76847E-01  6.27926E-02  1.57928E-01  5.21363E-02  1.04634E+00  3.89133E-01  2.53750E-01  1.06858E-01  2.06889E-01  1.13832E-01  2.65186E-01  7.79612E-02  2.60384E-01  1.38960E-01  2.32590E-01  1.17613E-01  2.43760E+00  1.11045E+00  5.32850E-02  1.20391E-02  5.87430E-02  1.32558E-02  6.90598E-02  1.26927E-02  6.66544E-02  1.29438E-02  5.27913E-02  1.11727E-02  4.65239E-02  1.38115E-02  6.17450E-02  1.08154E-02  8.17605E-01  1.73462E-01
    8.7000  1.88414E+00  2.21695E-01  8.97396E-02  4.43389E-01  1.79479E-01  1.82967E-01  8.09824E-02  1.76860E-01  6.40925E-02  1.60077E-01  5.33128E-02  1.03981E+00  3.96775E-01  2.51372E-01  1.08706E-01  2.03911E-01  1.15331E-01  2.69431E-01  7.99415E-02  2.57630E-01  1.40854E-01  2.30313E-01  1.19305E-01  2.42531E+00  1.12827E+00  5.41968E-02  1.24374E-02  5.98559E-02  1.36958E-02  7.09618E-02  1.32143E-02  6.85801E-02  1.34478E-02  5.40709E-02  1.15701E-02  4.69281E-02  1.41564E-02  6.37355E-02  1.12838E-02  8.36658E-01  1.79611E-01
    8.8000  1.91900E+00  2.21321E-01  9.13662E-02  4.42643E-01  1.82732E-01  1.77758E-01  8.22889E-02  1.76936E-01  6.53930E-02  1.62262E-01  5.45054E-02  1.03391E+00  4.04375E-01  2.49063E-01  1.10536E-01  2.00873E-01  1.16807E-01  2.73308E-01  8.19503E-02  2.54477E-01  1.42724E-01  2.27689E-01  1.20979E-01  2.41082E+00  1.14599E+00  5.50899E-02  1.28423E-02  6.09218E-02  1.41435E-02  7.29073E-02  1.37501E-02  7.05591E-02  1.39664E-02  5.53668E-02  1.19771E-02  4.73447E-02  1.45044E-02  6.57417E-02  1.17670E-02  8.55863E-01  1.85902E-01
    8.9000  1.95386E+00  2.20949E-01  9.29902E-02  4.41898E-01  1.85980E-01  1.72798E-01  8.35589E-02  1.77073E-01  6.66944E-02  1.64474E-01  5.57143E-02  1.02869E+00  4.11935E-01  2.46886E-01  1.12351E-01  1.97905E-01  1.18262E-01  2.77143E-01  8.39872E-02  2.51317E-01  1.44572E-01  2.25074E-01  1.22633E-01  2.39665E+00  1.16361E+00  5.59669E-02  1.32536E-02  6.19337E-02  1.45987E-02  7.48958E-02  1.43006E-02  7.25869E-02  1.44999E-02  5.66789E-02  1.23937E-02  4.77747E-02  1.48555E-02  6.77592E-02  1.22650E-02  8.75192E-01  1.92334E-01
    9.0000  1.98872E+00  2.20576E-01  9.46114E-02  4.41151E-01  1.89223E-01  1.68114E-01  8.47945E-02  1.77269E-01  6.79973E-02  1.66699E-01  5.69395E-02  1.02416E+00  4.19463E-01  2.44854E-01  1.14150E-01  1.95012E-01  1.19695E-01  2.80928E-01  8.60520E-02  2.48158E-01  1.46395E-01  2.22477E-01  1.24268E-01  2.38286E+00  1.18112E+00  5.68306E-02  1.36713E-02  6.28854E-02  1.50609E-02  7.69256E-02  1.48660E-02  7.46587E-02  1.50487E-02  5.80071E-02  1.28200E-02  4.82193E-02  1.52099E-02  6.97841E-02  1.27779E-02  8.94621E-01  1.98910E-01
    9.1000  2.02359E+00  2.20198E-01  9.62298E-02  4.40397E-01  1.92460E-01  1.63727E-01  8.59979E-02  1.77523E-01  6.93021E-02  1.68926E-01  5.81811E-02  1.02035E+00  4.26962E-01  2.42980E-01  1.15936E-01  1.92197E-01  1.21108E-01  2.84657E-01  8.81442E-02  2.45008E-01  1.48196E-01  2.19910E-01  1.25885E-01  2.36950E+00  1.19854E+00  5.76844E-02  1.40953E-02  6.37715E-02  1.55297E-02  7.89937E-02  1.54466E-02  7.67689E-02  1.56129E-02  5.93512E-02  1.32562E-02  4.86798E-02  1.55677E-02  7.18127E-02  1.33057E-02  9.14124E-01  2.05628E-01
    9.2000  2.05848E+00  2.19817E-01  9.78454E-02  4.39633E-01  1.95691E-01  1.59658E-01  8.71714E-02  1.77831E-01  7.06091E-02  1.71140E-01  5.94389E-02  1.01726E+00  4.34439E-01  2.41276E-01  1.17710E-01  1.89464E-01  1.22500E-01  2.88328E-01  9.02634E-02  2.41878E-01  1.49974E-01  2.17386E-01  1.27482E-01  2.35666E+00  1.21586E+00  5.85320E-02  1.45255E-02  6.45879E-02  1.60044E-02  8.10956E-02  1.60426E-02  7.89114E-02  1.61929E-02  6.07111E-02  1.37024E-02  4.91575E-02  1.59290E-02  7.38419E-02  1.38485E-02  9.33675E-01  2.12491E-01
    9.3000  2.09340E+00  2.19430E-01  9.94582E-02  4.38860E-01  1.98916E-01  1.55925E-01  8.83174E-02  1.78192E-01  7.19188E-02  1.73326E-01  6.07129E-02  1.01489E+00  4.41898E-01  2.39751E-01  1.19472E-01  1.86817E-01  1.23873E-01  2.91937E-01  9.24091E-02  2.38778E-01  1.51729E-01  2.14919E-01  1.29062E-01  2.34440E+00  1.23309E+00  5.93776E-02  1.49619E-02  6.53319E-02  1.64845E-02  8.32265E-02  1.66543E-02  8.10784E-02  1.67888E-02  6.20869E-02  1.41588E-02  4.96537E-02  1.62939E-02  7.58690E-02  1.44061E-02  9.53248E-01  2.19497E-01
    9.4000  2.12836E+00  2.19039E-01  1.01068E-01  4.38078E-01  2.02136E-01  1.52542E-01  8.94386E-02  1.78603E-01  7.32315E-02  1.75467E-01  6.20025E-02  1.01322E+00  4.49345E-01  2.38415E-01  1.21224E-01  1.84258E-01  1.25227E-01  2.95483E-01  9.45808E-02  2.35719E-01  1.53461E-01  2.12523E-01  1.30624E-01  2.33280E+00  1.25024E+00  6.02250E-02  1.54046E-02  6.60008E-02  1.69696E-02  8.53799E-02  1.72819E-02  8.32620E-02  1.74008E-02  6.34782E-02  1.46253E-02  5.01698E-02  1.66627E-02  7.78923E-02  1.49786E-02  9.72816E-01  2.26647E-01
    9.5000  2.16338E+00  2.18645E-01  1.02675E-01  4.37289E-01  2.05350E-01  1.49520E-01  9.05375E-02  1.79064E-01  7.45476E-02  1.77544E-01  6.33074E-02  1.01226E+00  4.56785E-01  2.37273E-01  1.22968E-01  1.81789E-01  1.26564E-01  2.98965E-01  9.67782E-02  2.32711E-01  1.55172E-01  2.10214E-01  1.32169E-01  2.32191E+00  1.26730E+00  6.10782E-02  1.58535E-02  6.65946E-02  1.74591E-02  8.75499E-02  1.79253E-02  8.54540E-02  1.80288E-02  6.48848E-02  1.51022E-02  5.07073E-02  1.70354E-02  7.99111E-02  1.55659E-02  9.92360E-01  2.33941E-01
    9.6000  2.19845E+00  2.18249E-01  1.04279E-01  4.36498E-01  2.08558E-01  1.46869E-01  9.16170E-02  1.79571E-01  7.58675E-02  1.79541E-01  6.46270E-02  1.01196E+00  4.64223E-01  2.36333E-01  1.24705E-01  1.79414E-01  1.27882E-01  3.02381E-01  9.90006E-02  2.29763E-01  1.56861E-01  2.08008E-01  1.33698E-01  2.31180E+00  1.28429E+00  6.19404E-02  1.63087E-02  6.71138E-02  1.79524E-02  8.97289E-02  1.85848E-02  8.76437E-02  1.86730E-02  6.63065E-02  1.55896E-02  5.12676E-02  1.74122E-02  8.19250E-02  1.61681E-02  1.01185E+00  2.41378E-01
    9.7000  2.23360E+00  2.17857E-01  1.05880E-01  4.35713E-01  2.11761E-01  1.44595E-01  9.26797E-02  1.80121E-01  7.71913E-02  1.81437E-01  6.59606E-02  1.01231E+00  4.71663E-01  2.35595E-01  1.26437E-01  1.77132E-01  1.29184E-01  3.05728E-01  1.01248E-01  2.26883E-01  1.58528E-01  2.05919E-01  1.35211E-01  2.30251E+00  1.30122E+00  6.28133E-02  1.67704E-02  6.75601E-02  1.84489E-02  9.19087E-02  1.92604E-02  8.98209E-02  1.93332E-02  6.77426E-02  1.60875E-02  5.18519E-02  1.77933E-02  8.39342E-02  1.67850E-02  1.03126E+00  2.48957E-01
    9.8000  2.26882E+00  2.17473E-01  1.07479E-01  4.34945E-01  2.14958E-01  1.42700E-01  9.37285E-02  1.80711E-01  7.85195E-02  1.83215E-01  6.73072E-02  1.01325E+00  4.79111E-01  2.35062E-01  1.28164E-01  1.74947E-01  1.30470E-01  3.09000E-01  1.03519E-01  2.24078E-01  1.60175E-01  2.03961E-01  1.36710E-01  2.29410E+00  1.31808E+00  6.36985E-02  1.72386E-02  6.79365E-02  1.89483E-02  9.40802E-02  1.99518E-02  9.19745E-02  2.00092E-02  6.91926E-02  1.65960E-02  5.24617E-02  1.81789E-02  8.59414E-02  1.74166E-02  1.05057E+00  2.56679E-01
    9.9000  2.30414E+00  2.17103E-01  1.09075E-01  4.34205E-01  2.18149E-01  1.41183E-01  9.47662E-02  1.81339E-01  7.98524E-02  1.84856E-01  6.86658E-02  1.01476E+00  4.86569E-01  2.34732E-01  1.29889E-01  1.72856E-01  1.31740E-01  3.12193E-01  1.05813E-01  2.21352E-01  1.61802E-01  2.02148E-01  1.38196E-01  2.28656E+00  1.33488E+00  6.45960E-02  1.77134E-02  6.82478E-02  1.94499E-02  9.62358E-02  2.06592E-02  9.40934E-02  2.07008E-02  7.06556E-02  1.71153E-02  5.30986E-02  1.85691E-02  8.79486E-02  1.80630E-02  1.06975E+00  2.64541E-01
   10.0000  2.33956E+00  2.16755E-01  1.10668E-01  4.33510E-01  2.21335E-01  1.40040E-01  9.57955E-02  1.82001E-01  8.11900E-02  1.86341E-01  7.00354E-02  1.01677E+00  4.94042E-01  2.34601E-01  1.31614E-01  1.70861E-01  1.32996E-01  3.15295E-01  1.08131E-01  2.18709E-01  1.63410E-01  2.00493E-01  1.39670E-01  2.27992E+00  1.35164E+00  6.55035E-02  1.81948E-02  6.84992E-02  1.99533E-02  9.83676E-02  2.13821E-02  9.61663E-02  2.14076E-02  7.21310E-02  1.76455E-02  5.37641E-02  1.89643E-02  8.99587E-02  1.87242E-02  1.08878E+00  2.72544E-01
   10.1000  2.37509E+00  2.16437E-01  1.12258E-01  4.32875E-01  2.24517E-01  1.39259E-01  9.68190E-02  1.82698E-01  8.25328E-02  1.87657E-01  7.14147E-02  1.01923E+00  5.01533E-01  2.34664E-01  1.33338E-01  1.68961E-01  1.34238E-01  3.18293E-01  1.10470E-01  2.16151E-01  1.64998E-01  1.99006E-01  1.41132E-01  2.27415E+00  1.36835E+00  6.64173E-02  1.86830E-02  6.86970E-02  2.04582E-02  1.00468E-01  2.21206E-02  9.81824E-02  2.21292E-02  7.36186E-02  1.81866E-02  5.44594E-02  1.93646E-02  9.19752E-02  1.94002E-02  1.10763E+00  2.80685E-01
   10.2000  2.41074E+00  2.16160E-01  1.13847E-01  4.32321E-01  2.27694E-01  1.38829E-01  9.78394E-02  1.83428E-01  8.38810E-02  1.88789E-01  7.28023E-02  1.02209E+00  5.09045E-01  2.34908E-01  1.35065E-01  1.67154E-01  1.35467E-01  3.21173E-01  1.12831E-01  2.13677E-01  1.66569E-01  1.97698E-01  1.42585E-01  2.26922E+00  1.38503E+00  6.73320E-02  1.91778E-02  6.88469E-02  2.09643E-02  1.02527E-01  2.28741E-02  1.00130E-01  2.28651E-02  7.51173E-02  1.87387E-02  5.51860E-02  1.97702E-02  9.40023E-02  2.00911E-02  1.12628E+00  2.88963E-01
   10.3000  2.44651E+00  2.15934E-01  1.15434E-01  4.31868E-01  2.30869E-01  1.38730E-01  9.88591E-02  1.84189E-01  8.52348E-02  1.89726E-01  7.41967E-02  1.02529E+00  5.16581E-01  2.35325E-01  1.36795E-01  1.65438E-01  1.36683E-01  3.23916E-01  1.15211E-01  2.11287E-01  1.68122E-01  1.96578E-01  1.44030E-01  2.26509E+00  1.40168E+00  6.82404E-02  1.96794E-02  6.89571E-02  2.14711E-02  1.04538E-01  2.36425E-02  1.02000E-01  2.36148E-02  7.66273E-02  1.93019E-02  5.59464E-02  2.01814E-02  9.60452E-02  2.07971E-02  1.14471E+00  2.97376E-01
   10.4000  2.48241E+00  2.15770E-01  1.17020E-01  4.31540E-01  2.34040E-01  1.38941E-01  9.98803E-02  1.84980E-01  8.65944E-02  1.90461E-01  7.55966E-02  1.02877E+00  5.24142E-01  2.35907E-01  1.38529E-01  1.63814E-01  1.37887E-01  3.26503E-01  1.17611E-01  2.08980E-01  1.69658E-01  1.95654E-01  1.45468E-01  2.26172E+00  1.41830E+00  6.91327E-02  2.01875E-02  6.90358E-02  2.19785E-02  1.06496E-01  2.44252E-02  1.03784E-01  2.43776E-02  7.81482E-02  1.98763E-02  5.67424E-02  2.05984E-02  9.81084E-02  2.15181E-02  1.16289E+00  3.05923E-01
   10.5000  2.51845E+00  2.15680E-01  1.18605E-01  4.31360E-01  2.37211E-01  1.39434E-01  1.00905E-01  1.85803E-01  8.79600E-02  1.90990E-01  7.70003E-02  1.03245E+00  5.31731E-01  2.36637E-01  1.40268E-01  1.62282E-01  1.39079E-01  3.28914E-01  1.20029E-01  2.06752E-01  1.71177E-01  1.94931E-01  1.46901E-01  2.25903E+00  1.43491E+00  6.99977E-02  2.07020E-02  6.90908E-02  2.24863E-02  1.08395E-01  2.52219E-02  1.05474E-01  2.51528E-02  7.96801E-02  2.04619E-02  5.75762E-02  2.10216E-02  1.00197E-01  2.22546E-02  1.18082E+00  3.14602E-01
