    Energy     Int_t       n(0,0)      Intn(0,0)    n_l(0)      Intn_l(0)      n(1,-1)     Intn(1,-1)    n(1,0)      Intn(1,0)     n(1,1)      Intn(1,1)    n_l(1)      Intn_l(1)      n(2,-2)     Intn(2,-2)    n(2,-1)     Intn(2,-1)    n(2,0)      Intn(2,0)     n(2,1)      Intn(2,1)     n(2,2)      Intn(2,2)    n_l(2)      Intn_l(2)      n(3,-3)     Intn(3,-3)    n(3,-2)     Intn(3,-2)    n(3,-1)     Intn(3,-1)    n(3,0)      Intn(3,0)     n(3,1)      Intn(3,1)     n(3,2)      Intn(3,2)     n(3,3)      Intn(3,3)    n_l(3)      Intn_l(3)  
    4.0000  4.93019E-02  2.27501E-01  1.67210E-03  4.55002E-01  3.34421E-03  1.62720E-01  1.19597E-03  1.28468E-01  9.44220E-04  1.62720E-01  1.19597E-03  9.07817E-01  6.67233E-03  5.19164E-01  3.81579E-03  5.46228E-01  4.01470E-03  4.16547E-01  3.06156E-03  5.46228E-01  4.01470E-03  5.19164E-01  3.81579E-03  5.09466E+00  3.74451E-02  1.47521E-02  1.08426E-04  2.10181E-02  1.54480E-04  2.12745E-02  1.56365E-04  1.39518E-02  1.02544E-04  2.12745E-02  1.56365E-04  2.10181E-02  1.54480E-04  1.19028E-02  8.74836E-05  2.50384E-01  1.84029E-03
    4.1000  9.71935E-02  2.24596E-01  3.32285E-03  4.49192E-01  6.64571E-03  1.62811E-01  2.39261E-03  1.31028E-01  1.90726E-03  1.62811E-01  2.39261E-03  9.13301E-01  1.33850E-02  4.90358E-01  7.41986E-03  5.22149E-01  7.85243E-03  4.22238E-01  6.16496E-03  5.22149E-01  7.85243E-03  4.90358E-01  7.41986E-03  4.89450E+00  7.34190E-02  1.47444E-02  2.16795E-04  2.15223E-02  3.12666E-04  2.22688E-02  3.20037E-04  1.46658E-02  2.10336E-04  2.22688E-02  3.20037E-04  2.15223E-02  3.12666E-04  1.25003E-02  1.79359E-04  2.58985E-01  3.74379E-03
    4.2000  1.43797E-01  2.21817E-01  4.95318E-03  4.43633E-01  9.90635E-03  1.62696E-01  3.58841E-03  1.33788E-01  2.89058E-03  1.62696E-01  3.58841E-03  9.18362E-01  2.01348E-02  4.63727E-01  1.08282E-02  5.00474E-01  1.15308E-02  4.27040E-01  9.30365E-03  5.00474E-01  1.15308E-02  4.63727E-01  1.08282E-02  4.71088E+00  1.08043E-01  1.47551E-02  3.25243E-04  2.20345E-02  4.74617E-04  2.32608E-02  4.91001E-04  1.54345E-02  3.23777E-04  2.32608E-02  4.91001E-04  2.20345E-02  4.74617E-04  1.31584E-02  2.76072E-04  2.67878E-01  5.71266E-03
    4.3000  1.89217E-01  2.19132E-01  6.56376E-03  4.38263E-01  1.31275E-02  1.62387E-01  4.78193E-03  1.36735E-01  3.89557E-03  1.62387E-01  4.78193E-03  9.23019E-01  2.69189E-02  4.39053E-01  1.40552E-02  4.80904E-01  1.50654E-02  4.30811E-01  1.24700E-02  4.80904E-01  1.50654E-02  4.39053E-01  1.40552E-02  4.54145E+00  1.41422E-01  1.47826E-02  4.33893E-04  2.25538E-02  6.40385E-04  2.42367E-02  6.69138E-04  1.62583E-02  4.43274E-04  2.42367E-02  6.69138E-04  2.25538E-02  6.40385E-04  1.38790E-02  3.78081E-04  2.77002E-01  7.74859E-03
    4.4000  2.33542E-01  2.16513E-01  8.15511E-03  4.33026E-01  1.63102E-02  1.61907E-01  5.97193E-03  1.39846E-01  4.92342E-03  1.61907E-01  5.97193E-03  9.27319E-01  3.37345E-02  4.16149E-01  1.71138E-02  4.63137E-01  1.84694E-02  4.33430E-01  1.56557E-02  4.63137E-01  1.84694E-02  4.16149E-01  1.71138E-02  4.38401E+00  1.73644E-01  1.48257E-02  5.42860E-04  2.30799E-02  8.10019E-04  2.51828E-02  8.54228E-04  1.71364E-02  5.69225E-04  2.51828E-02  8.54228E-04  2.30799E-02  8.10019E-04  1.46631E-02  4.85852E-04  2.86301E-01  9.85286E-03
    4.5000  2.76844E-01  2.13942E-01  9.72755E-03  4.27884E-01  1.94551E-02  1.61292E-01  7.15740E-03  1.43090E-01  5.97511E-03  1.61292E-01  7.15740E-03  9.31346E-01  4.05798E-02  3.94855E-01  2.00159E-02  4.46896E-01  2.17540E-02  4.34800E-01  1.88514E-02  4.46896E-01  2.17540E-02  3.94855E-01  2.00159E-02  4.23660E+00  2.04783E-01  1.48835E-02  6.52253E-04  2.36125E-02  9.83567E-04  2.60866E-02  1.04596E-03  1.80669E-02  7.02014E-04  2.60866E-02  1.04596E-03  2.36125E-02  9.83567E-04  1.55112E-02  5.99858E-04  2.95720E-01  1.20264E-02
    4.6000  3.19186E-01  2.11408E-01  1.12814E-02  4.22815E-01  2.25627E-02  1.60576E-01  8.33762E-03  1.46392E-01  7.05107E-03  1.60576E-01  8.33762E-03  9.35089E-01  4.74526E-02  3.75040E-01  2.27724E-02  4.31930E-01  2.49287E-02  4.34854E-01  2.20475E-02  4.31930E-01  2.49287E-02  3.75040E-01  2.27724E-02  4.09759E+00  2.34899E-01  1.49959E-02  7.62470E-04  2.41686E-02  1.16120E-03  2.69549E-02  1.24408E-03  1.90397E-02  8.41953E-04  2.69549E-02  1.24408E-03  2.41686E-02  1.16120E-03  1.64267E-02  7.20591E-04  3.05418E-01  1.42711E-02
    4.7000  3.60619E-01  2.08906E-01  1.28168E-02  4.17812E-01  2.56336E-02  1.59845E-01  9.51245E-03  1.49766E-01  8.15183E-03  1.59845E-01  9.51245E-03  9.38912E-01  5.43535E-02  3.56595E-01  2.53934E-02  4.18021E-01  2.80011E-02  4.33562E-01  2.52342E-02  4.18021E-01  2.80011E-02  3.56595E-01  2.53934E-02  3.96559E+00  2.64046E-01  1.50828E-02  8.73327E-04  2.47143E-02  1.34285E-03  2.77451E-02  1.44800E-03  2.00634E-02  9.89416E-04  2.77451E-02  1.44800E-03  2.47143E-02  1.34285E-03  1.74010E-02  8.48487E-04  3.14932E-01  1.65858E-02
    4.8000  4.01188E-01  2.06447E-01  1.43342E-02  4.12893E-01  2.86683E-02  1.59149E-01  1.06822E-02  1.53118E-01  9.27722E-03  1.59149E-01  1.06822E-02  9.42833E-01  6.12832E-02  3.39436E-01  2.78882E-02  4.04999E-01  3.09777E-02  4.30923E-01  2.84014E-02  4.04999E-01  3.09777E-02  3.39436E-01  2.78882E-02  3.83958E+00  2.92266E-01  1.51834E-02  9.84922E-04  2.52677E-02  1.52856E-03  2.84682E-02  1.65724E-03  2.11245E-02  1.14468E-03  2.84682E-02  1.65724E-03  2.52677E-02  1.52856E-03  1.84356E-02  9.83986E-04  3.24431E-01  1.89704E-02
    4.9000  4.40935E-01  2.04049E-01  1.58339E-02  4.08099E-01  3.16678E-02  1.58561E-01  1.18476E-02  1.56376E-01  1.04266E-02  1.58561E-01  1.18476E-02  9.46997E-01  6.82435E-02  3.23494E-01  3.02658E-02  3.92734E-01  3.38643E-02  4.26968E-01  3.15395E-02  3.92734E-01  3.38643E-02  3.23494E-01  3.02658E-02  3.71885E+00  3.19599E-01  1.52979E-02  1.09736E-03  2.58296E-02  1.71841E-03  2.91216E-02  1.87128E-03  2.22142E-02  1.30795E-03  2.91216E-02  1.87128E-03  2.58296E-02  1.71841E-03  1.95265E-02  1.12750E-03  3.33882E-01  2.14244E-02
    5.0000  4.79899E-01  2.01741E-01  1.73167E-02  4.03482E-01  3.46333E-02  1.58151E-01  1.30100E-02  1.59461E-01  1.15986E-02  1.58151E-01  1.30100E-02  9.51527E-01  7.52371E-02  3.08716E-01  3.25348E-02  3.81146E-01  3.66657E-02  4.21773E-01  3.46395E-02  3.81146E-01  3.66657E-02  3.08716E-01  3.25348E-02  3.60299E+00  3.46081E-01  1.54265E-02  1.21074E-03  2.64004E-02  1.91245E-03  2.97051E-02  2.08960E-03  2.33222E-02  1.47936E-03  2.97051E-02  2.08960E-03  2.64004E-02  1.91245E-03  2.06685E-02  1.27941E-03  3.43256E-01  2.39472E-02
    5.1000  5.18118E-01  1.99554E-01  1.87834E-02  3.99108E-01  3.75667E-02  1.57990E-01  1.41712E-02  1.62294E-01  1.27914E-02  1.57990E-01  1.41712E-02  9.56546E-01  8.22675E-02  2.95050E-01  3.47034E-02  3.70176E-01  3.93864E-02  4.15435E-01  3.76929E-02  3.70176E-01  3.93864E-02  2.95050E-01  3.47034E-02  3.49178E+00  3.71745E-01  1.55698E-02  1.32518E-03  2.69808E-02  2.11075E-03  3.02208E-02  2.31172E-03  2.44371E-02  1.65897E-03  3.02208E-02  2.31172E-03  2.69808E-02  2.11075E-03  2.18550E-02  1.44005E-03  3.52530E-01  2.65383E-02
    5.2000  5.55631E-01  1.97529E-01  2.02352E-02  3.95058E-01  4.04703E-02  1.58142E-01  1.53335E-02  1.64799E-01  1.40027E-02  1.58142E-01  1.53335E-02  9.62167E-01  8.93393E-02  2.82445E-01  3.67793E-02  3.59798E-01  4.20309E-02  4.08070E-01  4.06922E-02  3.59798E-01  4.20309E-02  2.82445E-01  3.67793E-02  3.38511E+00  3.96625E-01  1.57283E-02  1.44078E-03  2.75713E-02  2.31340E-03  3.06731E-02  2.53717E-03  2.55475E-02  1.84674E-03  3.06731E-02  2.53717E-03  2.75713E-02  2.31340E-03  2.30778E-02  1.60966E-03  3.61685E-01  2.91966E-02
    5.3000  5.92481E-01  1.95705E-01  2.16736E-02  3.91410E-01  4.33471E-02  1.58665E-01  1.64997E-02  1.66906E-01  1.52294E-02  1.58665E-01  1.64997E-02  9.68472E-01  9.64575E-02  2.70849E-01  3.87700E-02  3.49998E-01  4.46033E-02  3.99829E-01  4.36309E-02  3.49998E-01  4.46033E-02  2.70849E-01  3.87700E-02  3.28304E+00  4.20755E-01  1.59024E-02  1.55766E-03  2.81716E-02  2.52046E-03  3.10683E-02  2.76551E-03  2.66430E-02  2.04257E-03  3.10683E-02  2.76551E-03  2.81716E-02  2.52046E-03  2.43276E-02  1.78847E-03  3.70706E-01  3.19213E-02
    5.4000  6.28709E-01  1.94122E-01  2.31003E-02  3.88244E-01  4.62007E-02  1.59606E-01  1.76728E-02  1.68562E-01  1.64683E-02  1.59606E-01  1.76728E-02  9.75549E-01  1.03628E-01  2.60213E-01  4.06826E-02  3.40777E-01  4.71080E-02  3.90861E-01  4.65036E-02  3.40777E-01  4.71080E-02  2.60213E-01  4.06826E-02  3.18568E+00  4.44169E-01  1.60929E-02  1.67594E-03  2.87817E-02  2.73200E-03  3.14137E-02  2.99640E-03  2.77143E-02  2.24626E-03  3.14137E-02  2.99640E-03  2.87817E-02  2.73200E-03  2.55938E-02  1.97658E-03  3.79584E-01  3.47112E-02
    5.5000  6.64360E-01  1.92819E-01  2.45175E-02  3.85639E-01  4.90351E-02  1.61003E-01  1.88561E-02  1.69734E-01  1.77158E-02  1.61003E-01  1.88561E-02  9.83479E-01  1.10856E-01  2.50487E-01  4.25236E-02  3.32144E-01  4.95492E-02  3.81318E-01  4.93063E-02  3.32144E-01  4.95492E-02  2.50487E-01  4.25236E-02  3.09316E+00  4.66904E-01  1.63006E-02  1.79575E-03  2.94012E-02  2.94809E-03  3.17170E-02  3.22952E-03  2.87552E-02  2.45761E-03  3.17170E-02  3.22952E-03  2.94012E-02  2.94809E-03  2.68648E-02  2.17403E-03  3.88314E-01  3.75652E-02
    5.6000  6.99482E-01  1.91835E-01  2.59275E-02  3.83670E-01  5.18550E-02  1.62878E-01  2.00532E-02  1.70410E-01  1.89683E-02  1.62878E-01  2.00532E-02  9.92333E-01  1.18150E-01  2.41623E-01  4.42995E-02  3.24111E-01  5.19314E-02  3.71350E-01  5.20356E-02  3.24111E-01  5.19314E-02  2.41623E-01  4.42995E-02  3.00564E+00  4.88995E-01  1.65264E-02  1.91721E-03  3.00292E-02  3.16880E-03  3.19863E-02  3.46461E-03  2.97628E-02  2.67636E-03  3.19863E-02  3.46461E-03  3.00292E-02  3.16880E-03  2.81287E-02  2.38077E-03  3.96898E-01  4.04824E-02
    5.7000  7.34123E-01  1.91201E-01  2.73328E-02  3.82402E-01  5.46656E-02  1.65239E-01  2.12677E-02  1.70604E-01  2.02222E-02  1.65239E-01  2.12677E-02  1.00216E+00  1.25515E-01  2.33572E-01  4.60162E-02  3.16691E-01  5.42590E-02  3.61105E-01  5.46897E-02  3.16691E-01  5.42590E-02  2.33572E-01  4.60162E-02  2.92326E+00  5.10480E-01  1.67711E-02  2.04048E-03  3.06646E-02  3.39418E-03  3.22294E-02  3.70149E-03  3.07379E-02  2.90228E-03  3.22294E-02  3.70149E-03  3.06646E-02  3.39418E-03  2.93736E-02  2.59667E-03  4.05342E-01  4.34616E-02
    5.8000  7.68334E-01  1.90946E-01  2.87362E-02  3.81892E-01  5.74725E-02  1.68075E-01  2.25031E-02  1.70348E-01  2.14743E-02  1.68075E-01  2.25031E-02  1.01300E+00  1.32961E-01  2.26289E-01  4.76794E-02  3.09898E-01  5.65367E-02  3.50718E-01  5.72674E-02  3.09898E-01  5.65367E-02  2.26289E-01  4.76794E-02  2.84618E+00  5.31399E-01  1.70358E-02  2.16569E-03  3.13057E-02  3.62428E-03  3.24538E-02  3.94002E-03  3.16856E-02  3.13517E-03  3.24538E-02  3.94002E-03  3.13057E-02  3.62428E-03  3.05881E-02  2.82149E-03  4.13657E-01  4.65019E-02
    5.9000  8.02169E-01  1.91092E-01  3.01407E-02  3.82184E-01  6.02815E-02  1.71353E-01  2.37625E-02  1.69696E-01  2.27215E-02  1.71353E-01  2.37625E-02  1.02480E+00  1.40493E-01  2.19728E-01  4.92944E-02  3.03742E-01  5.87692E-02  3.40311E-01  5.97687E-02  3.03742E-01  5.87692E-02  2.19728E-01  4.92944E-02  2.77450E+00  5.51792E-01  1.73214E-02  2.29300E-03  3.19507E-02  3.85911E-03  3.26660E-02  4.18012E-03  3.26145E-02  3.37488E-03  3.26660E-02  4.18012E-03  3.19507E-02  3.85911E-03  3.17617E-02  3.05493E-03  4.21862E-01  4.96025E-02
    6.0000  8.35677E-01  1.91656E-01  3.15494E-02  3.83313E-01  6.30988E-02  1.75019E-01  2.50488E-02  1.68712E-01  2.39615E-02  1.75019E-01  2.50488E-02  1.03750E+00  1.48118E-01  2.13849E-01  5.08662E-02  2.98231E-01  6.09611E-02  3.29987E-01  6.21940E-02  2.98231E-01  6.09611E-02  2.13849E-01  5.08662E-02  2.70829E+00  5.71697E-01  1.76291E-02  2.42257E-03  3.25974E-02  4.09870E-03  3.28720E-02  4.42172E-03  3.35362E-02  3.62137E-03  3.28720E-02  4.42172E-03  3.25974E-02  4.09870E-03  3.28850E-02  3.29663E-03  4.29978E-01  5.27628E-02
    6.1000  8.68912E-01  1.92649E-01  3.29653E-02  3.85298E-01  6.59306E-02  1.78989E-01  2.63644E-02  1.67470E-01  2.51924E-02  1.78989E-01  2.63644E-02  1.05090E+00  1.55842E-01  2.08611E-01  5.23994E-02  2.93372E-01  6.31174E-02  3.19839E-01  6.45448E-02  2.93372E-01  6.31174E-02  2.08611E-01  5.23994E-02  2.64761E+00  5.91157E-01  1.79602E-02  2.55458E-03  3.32438E-02  4.34303E-03  3.30766E-02  4.66483E-03  3.44645E-02  3.87467E-03  3.30766E-02  4.66483E-03  3.32438E-02  4.34303E-03  3.39505E-02  3.54616E-03  4.38032E-01  5.59823E-02
    6.2000  9.01923E-01  1.94075E-01  3.43917E-02  3.88149E-01  6.87835E-02  1.83156E-01  2.77106E-02  1.66044E-01  2.64128E-02  1.83156E-01  2.77106E-02  1.06471E+00  1.63668E-01  2.03979E-01  5.38986E-02  2.89169E-01  6.52427E-02  3.09941E-01  6.68228E-02  2.89169E-01  6.52427E-02  2.03979E-01  5.38986E-02  2.59247E+00  6.10211E-01  1.83157E-02  2.68919E-03  3.38878E-02  4.59210E-03  3.32840E-02  4.90946E-03  3.54146E-02  4.13497E-03  3.32840E-02  4.90946E-03  3.38878E-02  4.59210E-03  3.49522E-02  3.80306E-03  4.46052E-01  5.92607E-02
    6.3000  9.34758E-01  1.95931E-01  3.58318E-02  3.91862E-01  7.16636E-02  1.87383E-01  2.90878E-02  1.64507E-01  2.76219E-02  1.87383E-01  2.90878E-02  1.07855E+00  1.71595E-01  1.99921E-01  5.53680E-02  2.85625E-01  6.73420E-02  3.00356E-01  6.90304E-02  2.85625E-01  6.73420E-02  1.99921E-01  5.53680E-02  2.54290E+00  6.28901E-01  1.86972E-02  2.82662E-03  3.45277E-02  4.84588E-03  3.34972E-02  5.15566E-03  3.64016E-02  4.40251E-03  3.34972E-02  5.15566E-03  3.45277E-02  4.84588E-03  3.58862E-02  4.06681E-03  4.54070E-01  6.25980E-02
    6.4000  9.67459E-01  1.98210E-01  3.72886E-02  3.96420E-01  7.45773E-02  1.91509E-01  3.04954E-02  1.62925E-01  2.88194E-02  1.91509E-01  3.04954E-02  1.09189E+00  1.79620E-01  1.96408E-01  5.68116E-02  2.82739E-01  6.94201E-02  2.91134E-01  7.11702E-02  2.82739E-01  6.94201E-02  1.96408E-01  5.68116E-02  2.49886E+00  6.47267E-01  1.91061E-02  2.96704E-03  3.51625E-02  5.10432E-03  3.37185E-02  5.40349E-03  3.74403E-02  4.67770E-03  3.37185E-02  5.40349E-03  3.51625E-02  5.10432E-03  3.67505E-02  4.33693E-03  4.62118E-01  6.59945E-02
    6.5000  1.00007E+00  2.00896E-01  3.87652E-02  4.01792E-01  7.75304E-02  1.95358E-01  3.19312E-02  1.61356E-01  3.00053E-02  1.95358E-01  3.19312E-02  1.10414E+00  1.87736E-01  1.93414E-01  5.82332E-02  2.80512E-01  7.14819E-02  2.82312E-01  7.32452E-02  2.80512E-01  7.14819E-02  1.93414E-01  5.82332E-02  2.46033E+00  6.65350E-01  1.95438E-02  3.11069E-03  3.57916E-02  5.36738E-03  3.39497E-02  5.65301E-03  3.85437E-02  4.96099E-03  3.39497E-02  5.65301E-03  3.57916E-02  5.36738E-03  3.75451E-02  4.61288E-03  4.70230E-01  6.94507E-02
    6.6000  1.03261E+00  2.03966E-01  4.02643E-02  4.07933E-01  8.05286E-02  1.98745E-01  3.33920E-02  1.59848E-01  3.11802E-02  1.98745E-01  3.33920E-02  1.11468E+00  1.95928E-01  1.90918E-01  5.96364E-02  2.78942E-01  7.35320E-02  2.73919E-01  7.52584E-02  2.78942E-01  7.35320E-02  1.90918E-01  5.96364E-02  2.42728E+00  6.83191E-01  2.00121E-02  3.25777E-03  3.64152E-02  5.63503E-03  3.41922E-02  5.90432E-03  3.97231E-02  5.25295E-03  3.41922E-02  5.90432E-03  3.64152E-02  5.63503E-03  3.82718E-02  4.89417E-03  4.78443E-01  7.29672E-02
    6.7000  1.06513E+00  2.07392E-01  4.17886E-02  4.14783E-01  8.35772E-02  2.01494E-01  3.48729E-02  1.58440E-01  3.23447E-02  2.01494E-01  3.48729E-02  1.12285E+00  2.04181E-01  1.88898E-01  6.10248E-02  2.78024E-01  7.55755E-02  2.65973E-01  7.72133E-02  2.78024E-01  7.55755E-02  1.88898E-01  6.10248E-02  2.39963E+00  7.00828E-01  2.05125E-02  3.40854E-03  3.70344E-02  5.90722E-03  3.44471E-02  6.15750E-03  4.09869E-02  5.55419E-03  3.44471E-02  6.15750E-03  3.70344E-02  5.90722E-03  3.89335E-02  5.18033E-03  4.86792E-01  7.65450E-02
    6.8000  1.09764E+00  2.11135E-01  4.33404E-02  4.22270E-01  8.66809E-02  2.03447E-01  3.63682E-02  1.57160E-01  3.34998E-02  2.03447E-01  3.63682E-02  1.12811E+00  2.12473E-01  1.87337E-01  6.24017E-02  2.77752E-01  7.76169E-02  2.58486E-01  7.91131E-02  2.77752E-01  7.76169E-02  1.87337E-01  6.24017E-02  2.37733E+00  7.18301E-01  2.10470E-02  3.56323E-03  3.76507E-02  6.18395E-03  3.47159E-02  6.41266E-03  4.23409E-02  5.86539E-03  3.47159E-02  6.41266E-03  3.76507E-02  6.18395E-03  3.95349E-02  5.47090E-03  4.95312E-01  8.01855E-02
    6.9000  1.13026E+00  2.15592E-01  4.49250E-02  4.31184E-01  8.98500E-02  2.05407E-01  3.78779E-02  1.56184E-01  3.46477E-02  2.05407E-01  3.78779E-02  1.13400E+00  2.20807E-01  1.86990E-01  6.37760E-02  2.78923E-01  7.96670E-02  2.51841E-01  8.09641E-02  2.78923E-01  7.96670E-02  1.86990E-01  6.37760E-02  2.36734E+00  7.35700E-01  2.17614E-02  3.72317E-03  3.84723E-02  6.46672E-03  3.49892E-02  6.66983E-03  4.41930E-02  6.19021E-03  3.49892E-02  6.66983E-03  3.84723E-02  6.46672E-03  4.01960E-02  5.76634E-03  5.06147E-01  8.39056E-02
    7.0000  1.16291E+00  2.19857E-01  4.65409E-02  4.39714E-01  9.30818E-02  2.05396E-01  3.93876E-02  1.55186E-01  3.57883E-02  2.05396E-01  3.93876E-02  1.13196E+00  2.29127E-01  1.86280E-01  6.51451E-02  2.79930E-01  8.17244E-02  2.45301E-01  8.27671E-02  2.79930E-01  8.17244E-02  1.86280E-01  6.51451E-02  2.35544E+00  7.53012E-01  2.23752E-02  3.88763E-03  3.91034E-02  6.75412E-03  3.52944E-02  6.92924E-03  4.57600E-02  6.52654E-03  3.52944E-02  6.92924E-03  3.91034E-02  6.75412E-03  4.06936E-02  6.06543E-03  5.15249E-01  8.76926E-02
    7.1000  1.19560E+00  2.24336E-01  4.81898E-02  4.48672E-01  9.63795E-02  2.04389E-01  4.08898E-02  1.54363E-01  3.69229E-02  2.04389E-01  4.08898E-02  1.12628E+00  2.37405E-01  1.86017E-01  6.65123E-02  2.81372E-01  8.37925E-02  2.39334E-01  8.45261E-02  2.81372E-01  8.37925E-02  1.86017E-01  6.65123E-02  2.34822E+00  7.70271E-01  2.30299E-02  4.05690E-03  3.97377E-02  7.04619E-03  3.56201E-02  7.19104E-03  4.74120E-02  6.87501E-03  3.56201E-02  7.19104E-03  3.97377E-02  7.04619E-03  4.11482E-02  6.36786E-03  5.24611E-01  9.15484E-02
    7.2000  1.22835E+00  2.28851E-01  4.98718E-02  4.57702E-01  9.97436E-02  2.02425E-01  4.23776E-02  1.53714E-01  3.80527E-02  2.02425E-01  4.23776E-02  1.11713E+00  2.45616E-01  1.86124E-01  6.78803E-02  2.83570E-01  8.58767E-02  2.33714E-01  8.62439E-02  2.83570E-01  8.58767E-02  1.86124E-01  6.78803E-02  2.34620E+00  7.87516E-01  2.37279E-02  4.23129E-03  4.03771E-02  7.34296E-03  3.59699E-02  7.45541E-03  4.91387E-02  7.23617E-03  3.59699E-02  7.45541E-03  4.03771E-02  7.34296E-03  4.15668E-02  6.67337E-03  5.34255E-01  9.54751E-02
    7.3000  1.26117E+00  2.33379E-01  5.15871E-02  4.66758E-01  1.03174E-01  1.99594E-01  4.38446E-02  1.53235E-01  3.91789E-02  1.99594E-01  4.38446E-02  1.10485E+00  2.53736E-01  1.86618E-01  6.92519E-02  2.86331E-01  8.79812E-02  2.28546E-01  8.79237E-02  2.86331E-01  8.79812E-02  1.86618E-01  6.92519E-02  2.34889E+00  8.04780E-01  2.44720E-02  4.41116E-03  4.10231E-02  7.64447E-03  3.63476E-02  7.72256E-03  5.09257E-02  7.61047E-03  3.63476E-02  7.72256E-03  4.10231E-02  7.64447E-03  4.19563E-02  6.98175E-03  5.44190E-01  9.94749E-02
    7.4000  1.29406E+00  2.37840E-01  5.33352E-02  4.75681E-01  1.06670E-01  1.96021E-01  4.52853E-02  1.52915E-01  4.03028E-02  1.96021E-01  4.52853E-02  1.08991E+00  2.61747E-01  1.87482E-01  7.06299E-02  2.89621E-01  9.01098E-02  2.23822E-01  8.95688E-02  2.89621E-01  9.01098E-02  1.87482E-01  7.06299E-02  2.35605E+00  8.22096E-01  2.52649E-02  4.59685E-03  4.16768E-02  7.95079E-03  3.67573E-02  7.99272E-03  5.27547E-02  7.99821E-03  3.67573E-02  7.99272E-03  4.16768E-02  7.95079E-03  4.23234E-02  7.29282E-03  5.54422E-01  1.03550E-01
    7.5000  1.32706E+00  2.42153E-01  5.51150E-02  4.84306E-01  1.10230E-01  1.91856E-01  4.66954E-02  1.52741E-01  4.14254E-02  1.91856E-01  4.66954E-02  1.07290E+00  2.69633E-01  1.88693E-01  7.20168E-02  2.93391E-01  9.22662E-02  2.19528E-01  9.11823E-02  2.93391E-01  9.22662E-02  1.88693E-01  7.20168E-02  2.36739E+00  8.39497E-01  2.61096E-02  4.78875E-03  4.23393E-02  8.26198E-03  3.72033E-02  8.26616E-03  5.46041E-02  8.39954E-03  3.72033E-02  8.26616E-03  4.23393E-02  8.26198E-03  4.26750E-02  7.60647E-03  5.64948E-01  1.07702E-01
    7.6000  1.36017E+00  2.46233E-01  5.69247E-02  4.92465E-01  1.13849E-01  1.87257E-01  4.80717E-02  1.52692E-01  4.25477E-02  1.87257E-01  4.80717E-02  1.05441E+00  2.77382E-01  1.90229E-01  7.34149E-02  2.97586E-01  9.44534E-02  2.15660E-01  9.27673E-02  2.97586E-01  9.44534E-02  1.90229E-01  7.34149E-02  2.38258E+00  8.57008E-01  2.70092E-02  4.98727E-03  4.30110E-02  8.57810E-03  3.76893E-02  8.54317E-03  5.64483E-02  8.81443E-03  3.76893E-02  8.54317E-03  4.30110E-02  8.57810E-03  4.30172E-02  7.92264E-03  5.75751E-01  1.11934E-01
    7.7000  1.39342E+00  2.50001E-01  5.87622E-02  5.00002E-01  1.17524E-01  1.82379E-01  4.94122E-02  1.52748E-01  4.36704E-02  1.82379E-01  4.94122E-02  1.03501E+00  2.84990E-01  1.92061E-01  7.48266E-02  3.02137E-01  9.66741E-02  2.12206E-01  9.43270E-02  3.02137E-01  9.66741E-02  1.92061E-01  7.48266E-02  2.40120E+00  8.74657E-01  2.79668E-02  5.19282E-03  4.36923E-02  8.89923E-03  3.82188E-02  8.82408E-03  5.82605E-02  9.24264E-03  3.82188E-02  8.82408E-03  4.36923E-02  8.89923E-03  4.33558E-02  8.24130E-03  5.86811E-01  1.16247E-01
    7.8000  1.42681E+00  2.53389E-01  6.06246E-02  5.06778E-01  1.21249E-01  1.77367E-01  5.07158E-02  1.52886E-01  4.47941E-02  1.77367E-01  5.07158E-02  1.01524E+00  2.92451E-01  1.94156E-01  7.62536E-02  3.06961E-01  9.89302E-02  2.09157E-01  9.58643E-02  3.06961E-01  9.89302E-02  1.94156E-01  7.62536E-02  2.42278E+00  8.92464E-01  2.89857E-02  5.40586E-03  4.43835E-02  9.22545E-03  3.87948E-02  9.10921E-03  6.00132E-02  9.68372E-03  3.87948E-02  9.10921E-03  4.43835E-02  9.22545E-03  4.36964E-02  8.56247E-03  5.98104E-01  1.20643E-01
    7.9000  1.46036E+00  2.56338E-01  6.25086E-02  5.12676E-01  1.25017E-01  1.72344E-01  5.19825E-02  1.53079E-01  4.59192E-02  1.72344E-01  5.19825E-02  9.95535E-01  2.99769E-01  1.96477E-01  7.76977E-02  3.11961E-01  1.01223E-01  2.06504E-01  9.73821E-02  3.11961E-01  1.01223E-01  1.96477E-01  7.76977E-02  2.44676E+00  9.10447E-01  3.00693E-02  5.62687E-03  4.50847E-02  9.55681E-03  3.94201E-02  9.39894E-03  6.16804E-02  1.01371E-02  3.94201E-02  9.39894E-03  4.50847E-02  9.55681E-03  4.40441E-02  8.88618E-03  6.09607E-01  1.25123E-01
    8.0000  1.49408E+00  2.58812E-01  6.44109E-02  5.17623E-01  1.28822E-01  1.67415E-01  5.32130E-02  1.53300E-01  4.70459E-02  1.67415E-01  5.32130E-02  9.76262E-01  3.06944E-01  1.98981E-01  7.91601E-02  3.17026E-01  1.03553E-01  2.04236E-01  9.88832E-02  3.17026E-01  1.03553E-01  1.98981E-01  7.91601E-02  2.47250E+00  9.28620E-01  3.12206E-02  5.85633E-03  4.57962E-02  9.89341E-03  4.00965E-02  9.69365E-03  6.32372E-02  1.06019E-02  4.00965E-02  9.69365E-03  4.57962E-02  9.89341E-03  4.44035E-02  9.21254E-03  6.21293E-01  1.29690E-01
    8.1000  1.52797E+00  2.60791E-01  6.63277E-02  5.21582E-01  1.32655E-01  1.62664E-01  5.44086E-02  1.53521E-01  4.81743E-02  1.62664E-01  5.44086E-02  9.57698E-01  3.13983E-01  2.01623E-01  8.06420E-02  3.22031E-01  1.05920E-01  2.02344E-01  1.00370E-01  3.22031E-01  1.05920E-01  2.01623E-01  8.06420E-02  2.49930E+00  9.46989E-01  3.24428E-02  6.09479E-03  4.65183E-02  1.02353E-02  4.08260E-02  9.99371E-03  6.46629E-02  1.10771E-02  4.08260E-02  9.99371E-03  4.65183E-02  1.02353E-02  4.47793E-02  9.54167E-03  6.33147E-01  1.34343E-01
    8.2000  1.56205E+00  2.62282E-01  6.82554E-02  5.24563E-01  1.36511E-01  1.58153E-01  5.55710E-02  1.53715E-01  4.93041E-02  1.58153E-01  5.55710E-02  9.40041E-01  3.20892E-01  2.04357E-01  8.21440E-02  3.26839E-01  1.08322E-01  2.00819E-01  1.01846E-01  3.26839E-01  1.08322E-01  2.04357E-01  8.21440E-02  2.52642E+00  9.65558E-01  3.37393E-02  6.34276E-03  4.72514E-02  1.05826E-02  4.16103E-02  1.02995E-02  6.59429E-02  1.15618E-02  4.16103E-02  1.02995E-02  4.72514E-02  1.05826E-02  4.51755E-02  9.87370E-03  6.45162E-01  1.39085E-01
    8.3000  1.59630E+00  2.63315E-01  7.01907E-02  5.26629E-01  1.40381E-01  1.53927E-01  5.67023E-02  1.53856E-01  5.04349E-02  1.53927E-01  5.67023E-02  9.23422E-01  3.27679E-01  2.07138E-01  8.36665E-02  3.31303E-01  1.10757E-01  1.99653E-01  1.03314E-01  3.31303E-01  1.10757E-01  2.07138E-01  8.36665E-02  2.55307E+00  9.84323E-01  3.51133E-02  6.60084E-03  4.79961E-02  1.09354E-02  4.24508E-02  1.06116E-02  6.70668E-02  1.20547E-02  4.24508E-02  1.06116E-02  4.79961E-02  1.09354E-02  4.55961E-02  1.02088E-02  6.57340E-01  1.43916E-01
    8.4000  1.63073E+00  2.63945E-01  7.21307E-02  5.27890E-01  1.44261E-01  1.50017E-01  5.78049E-02  1.53922E-01  5.15662E-02  1.50017E-01  5.78049E-02  9.07913E-01  3.34352E-01  2.09927E-01  8.52094E-02  3.35277E-01  1.13222E-01  1.98834E-01  1.04775E-01  3.35277E-01  1.13222E-01  2.09927E-01  8.52094E-02  2.57849E+00  1.00327E+00  3.65685E-02  6.86962E-03  4.87532E-02  1.12937E-02  4.33489E-02  1.09302E-02  6.80313E-02  1.25547E-02  4.33489E-02  1.09302E-02  4.87532E-02  1.12937E-02  4.60446E-02  1.05472E-02  6.69697E-01  1.48839E-01
    8.5000  1.66532E+00  2.64251E-01  7.40729E-02  5.28502E-01  1.48146E-01  1.46442E-01  5.88813E-02  1.53891E-01  5.26973E-02  1.46442E-01  5.88813E-02  8.93549E-01  3.40920E-01  2.12692E-01  8.67727E-02  3.38615E-01  1.15710E-01  1.98349E-01  1.06233E-01  3.38615E-01  1.15710E-01  2.12692E-01  8.67727E-02  2.60192E+00  1.02240E+00  3.81086E-02  7.14971E-03  4.95239E-02  1.16577E-02  4.43061E-02  1.12558E-02  6.88380E-02  1.30607E-02  4.43061E-02  1.12558E-02  4.95239E-02  1.16577E-02  4.65252E-02  1.08892E-02  6.82264E-01  1.53853E-01
    8.6000  1.70006E+00  2.64331E-01  7.60157E-02  5.28661E-01  1.52031E-01  1.43208E-01  5.99338E-02  1.53750E-01  5.38273E-02  1.43208E-01  5.99338E-02  8.80332E-01  3.47390E-01  2.15410E-01  8.83559E-02  3.41180E-01  1.18218E-01  1.98186E-01  1.07690E-01  3.41180E-01  1.18218E-01  2.15410E-01  8.83559E-02  2.62273E+00  1.04167E+00  3.97373E-02  7.44177E-03  5.03088E-02  1.20275E-02  4.53233E-02  1.15889E-02  6.94937E-02  1.35715E-02  4.53233E-02  1.15889E-02  5.03088E-02  1.20275E-02  4.70403E-02  1.12349E-02  6.95071E-01  1.58962E-01
    8.7000  1.73494E+00  2.64297E-01  7.79582E-02  5.28593E-01  1.55916E-01  1.40317E-01  6.09651E-02  1.53488E-01  5.49554E-02  1.40317E-01  6.09651E-02  8.68244E-01  3.53771E-01  2.18076E-01  8.99587E-02  3.42853E-01  1.20738E-01  1.98326E-01  1.09147E-01  3.42853E-01  1.20738E-01  2.18076E-01  8.99587E-02  2.64037E+00  1.06108E+00  4.14589E-02  7.74649E-03  5.11089E-02  1.24031E-02  4.64015E-02  1.19300E-02  7.00104E-02  1.40860E-02  4.64015E-02  1.19300E-02  5.11089E-02  1.24031E-02  4.75927E-02  1.15847E-02  7.08165E-01  1.64167E-01
    8.8000  1.76993E+00  2.64269E-01  7.99006E-02  5.28538E-01  1.59801E-01  1.37765E-01  6.19777E-02  1.53099E-01  5.60807E-02  1.37765E-01  6.19777E-02  8.57258E-01  3.60072E-01  2.20693E-01  9.15808E-02  3.43536E-01  1.23263E-01  1.98751E-01  1.10608E-01  3.43536E-01  1.23263E-01  2.20693E-01  9.15808E-02  2.65442E+00  1.08059E+00  4.32784E-02  8.06458E-03  5.19253E-02  1.27847E-02  4.75419E-02  1.22794E-02  7.04036E-02  1.46035E-02  4.75419E-02  1.22794E-02  5.19253E-02  1.27847E-02  4.81851E-02  1.19389E-02  7.21603E-01  1.69470E-01
    8.9000  1.80504E+00  2.64369E-01  8.18436E-02  5.28739E-01  1.63687E-01  1.35542E-01  6.29739E-02  1.52585E-01  5.72022E-02  1.35542E-01  6.29739E-02  8.47339E-01  3.66300E-01  2.23280E-01  9.32219E-02  3.43159E-01  1.25785E-01  1.99439E-01  1.12074E-01  3.43159E-01  1.25785E-01  2.23280E-01  9.32219E-02  2.66464E+00  1.10018E+00  4.52020E-02  8.39681E-03  5.27591E-02  1.31725E-02  4.87458E-02  1.26377E-02  7.06915E-02  1.51231E-02  4.87458E-02  1.26377E-02  5.27591E-02  1.31725E-02  4.88207E-02  1.22977E-02  7.35448E-01  1.74876E-01
    9.0000  1.84023E+00  2.64717E-01  8.37893E-02  5.29435E-01  1.67579E-01  1.33639E-01  6.39561E-02  1.51949E-01  5.83190E-02  1.33639E-01  6.39561E-02  8.38452E-01  3.72462E-01  2.25865E-01  9.48820E-02  3.41686E-01  1.28296E-01  2.00363E-01  1.13547E-01  3.41686E-01  1.28296E-01  2.25865E-01  9.48820E-02  2.67093E+00  1.11981E+00  4.72360E-02  8.74399E-03  5.36114E-02  1.35666E-02  5.00142E-02  1.30053E-02  7.08934E-02  1.56441E-02  5.00142E-02  1.30053E-02  5.36114E-02  1.35666E-02  4.95022E-02  1.26616E-02  7.49766E-01  1.80387E-01
    9.1000  1.87551E+00  2.65425E-01  8.57401E-02  5.30850E-01  1.71480E-01  1.32040E-01  6.49266E-02  1.51201E-01  5.94303E-02  1.32040E-01  6.49266E-02  8.30563E-01  3.78567E-01  2.28480E-01  9.65613E-02  3.39114E-01  1.30789E-01  2.01493E-01  1.15028E-01  3.39114E-01  1.30789E-01  2.28480E-01  9.65613E-02  2.67336E+00  1.13946E+00  4.93879E-02  9.10698E-03  5.44830E-02  1.39670E-02  5.13484E-02  1.33827E-02  7.10290E-02  1.61662E-02  5.13484E-02  1.33827E-02  5.44830E-02  1.39670E-02  5.02325E-02  1.30308E-02  7.64624E-01  1.86006E-01
    9.2000  1.91085E+00  2.66591E-01  8.76995E-02  5.33181E-01  1.75399E-01  1.30734E-01  6.58875E-02  1.50356E-01  6.05354E-02  1.30734E-01  6.58875E-02  8.23649E-01  3.84621E-01  2.31158E-01  9.82602E-02  3.35467E-01  1.33254E-01  2.02797E-01  1.16518E-01  3.35467E-01  1.33254E-01  2.31158E-01  9.82602E-02  2.67210E+00  1.15909E+00  5.16641E-02  9.48671E-03  5.53740E-02  1.43740E-02  5.27496E-02  1.37704E-02  7.11174E-02  1.66889E-02  5.27496E-02  1.37704E-02  5.53740E-02  1.43740E-02  5.10143E-02  1.34057E-02  7.80086E-01  1.91740E-01
    9.3000  1.94627E+00  2.68299E-01  8.96715E-02  5.36599E-01  1.79343E-01  1.29706E-01  6.68408E-02  1.49431E-01  6.16337E-02  1.29706E-01  6.68408E-02  8.17687E-01  3.90631E-01  2.33926E-01  9.99796E-02  3.30806E-01  1.35686E-01  2.04239E-01  1.18019E-01  3.30806E-01  1.35686E-01  2.33926E-01  9.99796E-02  2.66741E+00  1.17870E+00  5.40700E-02  9.88411E-03  5.62844E-02  1.47877E-02  5.42186E-02  1.41689E-02  7.11771E-02  1.72120E-02  5.42186E-02  1.41689E-02  5.62844E-02  1.47877E-02  5.18504E-02  1.37868E-02  7.96207E-01  1.97592E-01
    9.4000  1.98174E+00  2.70619E-01  9.16605E-02  5.41238E-01  1.83321E-01  1.28941E-01  6.77885E-02  1.48446E-01  6.27247E-02  1.28941E-01  6.77885E-02  8.12657E-01  3.96603E-01  2.36801E-01  1.01720E-01  3.25214E-01  1.38076E-01  2.05785E-01  1.19532E-01  3.25214E-01  1.38076E-01  2.36801E-01  1.01720E-01  2.65963E+00  1.19825E+00  5.66088E-02  1.03002E-02  5.72139E-02  1.52082E-02  5.57554E-02  1.45787E-02  7.12253E-02  1.77355E-02  5.57554E-02  1.45787E-02  5.72139E-02  1.52082E-02  5.27437E-02  1.41745E-02  8.13033E-01  2.03568E-01
    9.5000  2.01728E+00  2.73599E-01  9.36714E-02  5.47199E-01  1.87343E-01  1.28425E-01  6.87324E-02  1.47424E-01  6.38083E-02  1.28425E-01  6.87324E-02  8.08549E-01  4.02546E-01  2.39779E-01  1.03482E-01  3.18797E-01  1.40419E-01  2.07397E-01  1.21056E-01  3.18797E-01  1.40419E-01  2.39779E-01  1.03482E-01  2.64910E+00  1.21772E+00  5.92801E-02  1.07359E-02  5.81611E-02  1.56357E-02  5.73598E-02  1.50003E-02  7.12777E-02  1.82594E-02  5.73598E-02  1.50003E-02  5.81611E-02  1.56357E-02  5.36969E-02  1.45691E-02  8.30593E-01  2.09672E-01
    9.6000  2.05289E+00  2.77273E-01  9.57093E-02  5.54546E-01  1.91419E-01  1.28168E-01  6.96744E-02  1.46332E-01  6.48838E-02  1.28168E-01  6.96744E-02  8.05336E-01  4.08465E-01  2.42842E-01  1.05267E-01  3.11676E-01  1.42710E-01  2.09041E-01  1.22592E-01  3.11676E-01  1.42710E-01  2.42842E-01  1.05267E-01  2.63615E+00  1.23709E+00  6.21157E-02  1.11924E-02  5.90960E-02  1.60700E-02  5.90376E-02  1.54342E-02  7.13529E-02  1.87838E-02  5.90376E-02  1.54342E-02  5.90960E-02  1.60700E-02  5.47085E-02  1.49712E-02  8.48889E-01  2.15912E-01
    9.7000  2.08858E+00  2.81656E-01  9.77795E-02  5.63312E-01  1.95559E-01  1.28110E-01  7.06160E-02  1.45301E-01  6.59517E-02  1.28110E-01  7.06160E-02  8.03041E-01  4.14368E-01  2.45944E-01  1.07075E-01  3.03978E-01  1.44944E-01  2.10686E-01  1.24141E-01  3.03978E-01  1.44944E-01  2.45944E-01  1.07075E-01  2.62106E+00  1.25636E+00  6.50337E-02  1.16704E-02  6.00736E-02  1.65115E-02  6.07744E-02  1.58809E-02  7.14534E-02  1.93090E-02  6.07744E-02  1.58809E-02  6.00736E-02  1.65115E-02  5.57907E-02  1.53813E-02  8.67948E-01  2.22291E-01
    9.8000  2.12435E+00  2.86748E-01  9.98870E-02  5.73497E-01  1.99774E-01  1.28257E-01  7.15587E-02  1.44304E-01  6.70124E-02  1.28257E-01  7.15587E-02  8.01635E-01  4.20259E-01  2.49020E-01  1.08905E-01  2.95835E-01  1.47119E-01  2.12306E-01  1.25701E-01  2.95835E-01  1.47119E-01  2.49020E-01  1.08905E-01  2.60403E+00  1.27550E+00  6.80447E-02  1.21705E-02  6.10614E-02  1.69603E-02  6.25743E-02  1.63408E-02  7.15971E-02  1.98352E-02  6.25743E-02  1.63408E-02  6.10614E-02  1.69603E-02  5.69422E-02  1.57998E-02  8.87711E-01  2.28816E-01
    9.9000  2.16021E+00  2.92538E-01  1.02037E-01  5.85075E-01  2.04074E-01  1.28595E-01  7.25038E-02  1.43365E-01  6.80661E-02  1.28595E-01  7.25038E-02  8.01110E-01  4.26148E-01  2.51985E-01  1.10757E-01  2.87374E-01  1.49231E-01  2.13878E-01  1.27273E-01  2.87374E-01  1.49231E-01  2.51985E-01  1.10757E-01  2.58519E+00  1.29450E+00  7.11180E-02  1.26932E-02  6.20552E-02  1.74164E-02  6.44336E-02  1.68143E-02  7.17937E-02  2.03629E-02  6.44336E-02  1.68143E-02  6.20552E-02  1.74164E-02  5.81663E-02  1.62273E-02  9.08111E-01  2.35490E-01
   10.0000  2.19617E+00  2.98998E-01  1.04235E-01  5.97996E-01  2.08469E-01  1.29111E-01  7.34528E-02  1.42508E-01  6.91135E-02  1.29111E-01  7.34528E-02  8.01460E-01  4.32038E-01  2.54741E-01  1.12630E-01  2.78715E-01  1.51279E-01  2.15392E-01  1.28857E-01  2.78715E-01  1.51279E-01  2.54741E-01  1.12630E-01  2.56461E+00  1.31335E+00  7.42134E-02  1.32387E-02  6.30504E-02  1.78798E-02  6.63481E-02  1.73020E-02  7.20521E-02  2.08925E-02  6.63481E-02  1.73020E-02  6.30504E-02  1.78798E-02  5.94667E-02  1.66644E-02  9.29058E-01  2.42318E-01
   10.1000  2.23224E+00  3.06093E-01  1.06484E-01  6.12185E-01  2.12969E-01  1.29790E-01  7.44067E-02  1.41757E-01  7.01554E-02  1.29790E-01  7.44067E-02  8.02675E-01  4.37938E-01  2.57187E-01  1.14520E-01  2.69968E-01  1.53263E-01  2.16842E-01  1.30450E-01  2.69968E-01  1.53263E-01  2.57187E-01  1.14520E-01  2.54230E+00  1.33203E+00  7.72830E-02  1.38067E-02  6.40417E-02  1.83505E-02  6.83118E-02  1.78041E-02  7.23805E-02  2.14245E-02  6.83118E-02  1.78041E-02  6.40417E-02  1.83505E-02  6.08472E-02  1.71116E-02  9.50435E-01  2.49304E-01
   10.2000  2.26843E+00  3.13776E-01  1.08791E-01  6.27551E-01  2.17581E-01  1.30621E-01  7.53668E-02  1.41132E-01  7.11927E-02  1.30621E-01  7.53668E-02  8.04749E-01  4.43852E-01  2.59227E-01  1.16425E-01  2.61232E-01  1.55183E-01  2.18233E-01  1.32054E-01  2.61232E-01  1.55183E-01  2.59227E-01  1.16425E-01  2.51830E+00  1.35054E+00  8.02708E-02  1.43967E-02  6.50228E-02  1.88284E-02  7.03189E-02  1.83209E-02  7.27857E-02  2.19594E-02  7.03189E-02  1.83209E-02  6.50228E-02  1.88284E-02  6.23127E-02  1.75696E-02  9.72105E-01  2.56449E-01
   10.3000  2.30472E+00  3.21990E-01  1.11157E-01  6.43980E-01  2.22315E-01  1.31587E-01  7.63339E-02  1.40655E-01  7.22265E-02  1.31587E-01  7.63339E-02  8.07660E-01  4.49789E-01  2.60784E-01  1.18342E-01  2.52594E-01  1.57040E-01  2.19581E-01  1.33668E-01  2.52594E-01  1.57040E-01  2.60784E-01  1.18342E-01  2.49268E+00  1.36886E+00  8.31149E-02  1.50076E-02  6.59869E-02  1.93134E-02  7.23599E-02  1.88527E-02  7.32734E-02  2.24980E-02  7.23599E-02  1.88527E-02  6.59869E-02  1.93134E-02  6.38646E-02  1.80390E-02  9.93893E-01  2.63754E-01
   10.4000  2.34113E+00  3.30667E-01  1.13588E-01  6.61334E-01  2.27175E-01  1.32679E-01  7.73091E-02  1.40348E-01  7.32580E-02  1.32679E-01  7.73091E-02  8.11412E-01  4.55752E-01  2.61814E-01  1.20266E-01  2.44126E-01  1.58834E-01  2.20908E-01  1.35292E-01  2.44126E-01  1.58834E-01  2.61814E-01  1.20266E-01  2.46558E+00  1.38699E+00  8.57571E-02  1.56379E-02  6.69253E-02  1.98053E-02  7.44253E-02  1.93998E-02  7.38506E-02  2.30408E-02  7.44253E-02  1.93998E-02  6.69253E-02  1.98053E-02  6.55098E-02  1.85205E-02  1.01564E+00  2.71219E-01
   10.5000  2.37766E+00  3.39724E-01  1.16085E-01  6.79448E-01  2.32169E-01  1.33883E-01  7.82931E-02  1.40233E-01  7.42887E-02  1.33883E-01  7.82931E-02  8.15998E-01  4.61750E-01  2.62305E-01  1.22194E-01  2.35888E-01  1.60568E-01  2.22247E-01  1.36925E-01  2.35888E-01  1.60568E-01  2.62305E-01  1.22194E-01  2.43726E+00  1.40490E+00  8.81443E-02  1.62857E-02  6.78293E-02  2.03039E-02  7.65035E-02  1.99621E-02  7.45214E-02  2.35885E-02  7.65035E-02  1.99621E-02  6.78293E-02  2.03039E-02  6.72533E-02  1.90148E-02  1.03717E+00  2.78842E-01
